"simID","Us","tc"
1,0.469974846421023,0
1,0.718286953759313,76
1,0.9,95.5
1,0.9,152
2,0.466960229035494,0
2,0.715227115326601,76
2,0.9,95.5
2,0.9,152
3,0.30577138273451,0
3,0.517099418845408,76
3,0.765731491044573,95.5
3,0.9,152
4,0.463158432801154,0
4,0.711016213532481,76
4,0.9,95.5
4,0.9,152
5,0.410689627884899,0
5,0.651949435535218,76
5,0.878362221469352,95.5
5,0.9,152
6,0.367619205905931,0
6,0.599056904536397,76
6,0.838385032217361,95.5
6,0.9,152
7,0.316991107125124,0
7,0.532532713810024,76
7,0.7804362187336,95.5
7,0.9,152
8,0.425545670409099,0
8,0.669230648651933,76
8,0.890129346525868,95.5
8,0.9,152
9,0.460449236994986,0
9,0.708100719318809,76
9,0.9,95.5
9,0.9,152
10,0.512914082032484,0
10,0.762103310334526,76
10,0.9,95.5
10,0.9,152
11,0.489612297416362,0
11,0.73886031060512,76
11,0.9,95.5
11,0.9,152
12,0.447242528105774,0
12,0.693678818099525,76
12,0.9,95.5
12,0.9,152
13,0.359495776980389,0
13,0.588726647648733,76
13,0.829965443315792,95.5
13,0.9,152
14,0.514965476329306,0
14,0.764097653840671,76
14,0.9,95.5
14,0.9,152
15,0.464016818661852,0
15,0.711936910582466,76
15,0.9,95.5
15,0.9,152
16,0.380319145400277,0
16,0.615251905570245,76
16,0.85139407165633,95.5
16,0.9,152
17,0.514965476329306,0
17,0.764097653840671,76
17,0.9,95.5
17,0.9,152
18,0.243808926077498,0
18,0.427352574424331,76
18,0.670825994854408,95.5
18,0.9,152
19,0.515256427492808,0
19,0.764379833680649,76
19,0.9,95.5
19,0.9,152
20,0.456286169317992,0
20,0.703592124957081,76
20,0.9,95.5
20,0.9,152
21,0.456286169317992,0
21,0.703592124957081,76
21,0.9,95.5
21,0.9,152
22,0.343012579146845,0
22,0.567361798176108,76
22,0.811876538648805,95.5
22,0.9,152
23,0.358588225726959,0
23,0.587564389487022,76
23,0.829004824446986,95.5
23,0.9,152
24,0.515546857082863,0
24,0.76466133925574,76
24,0.9,95.5
24,0.9,152
25,0.439877781308263,0
25,0.685485390433817,76
25,0.9,95.5
25,0.9,152
26,0.313897435642713,0
26,0.528302240630645,76
26,0.776452669364071,95.5
26,0.9,152
27,0.436743255387967,0
27,0.681965361227839,76
27,0.898418421512501,95.5
27,0.9,152
28,0.395560057872818,0
28,0.633897802086667,76
28,0.865432875727618,95.5
28,0.9,152
29,0.47843585853352,0
29,0.727327714503026,76
29,0.9,95.5
29,0.9,152
30,0.513110572166823,0
30,0.762294699465428,76
30,0.9,95.5
30,0.9,152
31,0.481615350702776,0
31,0.730633887715891,76
31,0.9,95.5
31,0.9,152
32,0.334254359121404,0
32,0.555789664019834,76
32,0.801698637392348,95.5
32,0.9,152
33,0.490330240632373,0
33,0.739592614837805,76
33,0.9,95.5
33,0.9,152
34,0.513110572166823,0
34,0.762294699465428,76
34,0.9,95.5
34,0.9,152
35,0.329207273527691,0
35,0.549051642069435,76
35,0.795649414860082,95.5
35,0.9,152
36,0.379325392146183,0
36,0.614020054680921,76
36,0.850442125790202,95.5
36,0.9,152
37,0.421633991208099,0
37,0.664723084487071,76
37,0.887117627693904,95.5
37,0.9,152
38,0.498147291031949,0
38,0.747499482782209,76
38,0.9,95.5
38,0.9,152
39,0.329585061201534,0
39,0.549557756948412,76
39,0.796106936020873,95.5
39,0.9,152
40,0.426832079125435,0
40,0.670706356401922,76
40,0.891106507631432,95.5
40,0.9,152
41,0.463588139323405,0
41,0.711477296558458,76
41,0.9,95.5
41,0.9,152
42,0.506151984578658,0
42,0.755469827391196,76
42,0.9,95.5
42,0.9,152
43,0.382946053663073,0
43,0.618498724932891,76
43,0.853888611270834,95.5
43,0.9,152
44,0.308064485606843,0
44,0.52027407569993,76
44,0.768795047086945,95.5
44,0.9,152
45,0.368662698689977,0
45,0.600374351729557,76
45,0.839443490640581,95.5
45,0.9,152
46,0.295832598075999,0
46,0.503218766741889,76
46,0.752100844824111,95.5
46,0.9,152
47,0.458947842284597,0
47,0.706622625230753,76
47,0.9,95.5
47,0.9,152
48,0.424621500522154,0
48,0.668168447780541,76
48,0.88942329907582,95.5
48,0.9,152
49,0.424806690348141,0
49,0.668381433372469,76
49,0.889565051980983,95.5
49,0.9,152
50,0.352331735088085,0
50,0.579507374172537,76
50,0.822271498623093,95.5
50,0.9,152
51,0.439917510143524,0
51,0.685672671739749,76
51,0.9,95.5
51,0.9,152
52,0.433848442526908,0
52,0.678839468951875,76
52,0.896494991767598,95.5
52,0.9,152
53,0.246767413257864,0
53,0.43181145315081,76
53,0.675919338006018,95.5
53,0.9,152
54,0.461320624623137,0
54,0.709040057309847,76
54,0.9,95.5
54,0.9,152
55,0.479614028347193,0
55,0.728555178167782,76
55,0.9,95.5
55,0.9,152
56,0.442291188668363,0
56,0.688325223033351,76
56,0.9,95.5
56,0.9,152
57,0.45561909965587,0
57,0.703010238910029,76
57,0.9,95.5
57,0.9,152
58,0.306538273484503,0
58,0.518162296134612,76
58,0.766759407320484,95.5
58,0.9,152
59,0.492890033792988,0
59,0.742195242784962,76
59,0.9,95.5
59,0.9,152
60,0.426619597187355,0
60,0.67060458354008,76
60,0.891123614108398,95.5
60,0.9,152
61,0.350014777955214,0
61,0.576503855417194,76
61,0.819728285226236,95.5
61,0.9,152
62,0.318304257033321,0
62,0.534322633220077,76
62,0.782110927463767,95.5
62,0.9,152
63,0.354909026551702,0
63,0.58283581184468,76
63,0.825068809503138,95.5
63,0.9,152
64,0.263426728043362,0
64,0.456594145082112,76
64,0.703508163092171,95.5
64,0.9,152
65,0.440498447458047,0
65,0.686180066545354,76
65,0.9,95.5
65,0.9,152
66,0.366687315413868,0
66,0.597878526593365,76
66,0.837435368654478,95.5
66,0.9,152
67,0.246767413244293,0
67,0.431811453144198,76
67,0.675919338005221,95.5
67,0.9,152
68,0.331464503027952,0
68,0.55207138553691,76
68,0.798371656361586,95.5
68,0.9,152
69,0.339565850006446,0
69,0.562825900902,76
69,0.80791896040489,95.5
69,0.9,152
70,0.518644355390597,0
70,0.767653193789387,76
70,0.9,95.5
70,0.9,152
71,0.517399733054034,0
71,0.766453320942819,76
71,0.9,95.5
71,0.9,152
72,0.354766647320158,0
72,0.58265228162488,76
72,0.82491514149895,95.5
72,0.9,152
73,0.403196507038218,0
73,0.643066164555768,76
73,0.872081053300111,95.5
73,0.9,152
74,0.427578180536153,0
74,0.671702568262044,76
74,0.89184763478687,95.5
74,0.9,152
75,0.481615350701882,0
75,0.730633887715824,76
75,0.9,95.5
75,0.9,152
76,0.508561430878391,0
76,0.757843906736959,76
76,0.9,95.5
76,0.9,152
77,0.502968081353542,0
77,0.752314896068823,76
77,0.9,95.5
77,0.9,152
78,0.456045368067023,0
78,0.70333028054438,76
78,0.9,95.5
78,0.9,152
79,0.491757107256963,0
79,0.741044970583331,76
79,0.9,95.5
79,0.9,152
80,0.408465718334843,0
80,0.649324619815261,76
80,0.876522692519907,95.5
80,0.9,152
81,0.42883627974119,0
81,0.67299890708503,76
81,0.892615913519923,95.5
81,0.9,152
82,0.284406810852084,0
82,0.48701832426077,76
82,0.735707014369588,95.5
82,0.9,152
83,0.353480992271197,0
83,0.580993213839129,76
83,0.823522970750866,95.5
83,0.9,152
84,0.40164023974634,0
84,0.641207134162548,76
84,0.870746611292326,95.5
84,0.9,152
85,0.514965476329306,0
85,0.764097653840671,76
85,0.9,95.5
85,0.9,152
86,0.427380765000114,0
86,0.671334779385894,76
86,0.891521304586172,95.5
86,0.9,152
87,0.446769805123291,0
87,0.693299402035242,76
87,0.9,95.5
87,0.9,152
88,0.299543559474214,0
88,0.508424558108452,76
88,0.757257842885568,95.5
88,0.9,152
89,0.457766009997974,0
89,0.705342619232731,76
89,0.9,95.5
89,0.9,152
90,0.424806690348156,0
90,0.668381433372471,76
90,0.889565051980984,95.5
90,0.9,152
91,0.321984245068994,0
91,0.53932043324347,76
91,0.786753233357256,95.5
91,0.9,152
92,0.499022866704513,0
92,0.748377527302941,76
92,0.9,95.5
92,0.9,152
93,0.280271268372231,0
93,0.481090536004455,76
93,0.72957791438885,95.5
93,0.9,152
94,0.416141771585522,0
94,0.658342722906029,76
94,0.882785138918281,95.5
94,0.9,152
95,0.508125965628599,0
95,0.757415690833793,76
95,0.9,95.5
95,0.9,152
96,0.43626853570778,0
96,0.681430549615553,76
96,0.898076836413849,95.5
96,0.9,152
97,0.357807257208417,0
97,0.586562927058191,76
97,0.82817494273737,95.5
97,0.9,152
98,0.290939733541535,0
98,0.496313074205004,76
98,0.745176609139291,95.5
98,0.9,152
99,0.518023246257899,0
99,0.767054802456279,76
99,0.9,95.5
99,0.9,152
100,0.344796678514128,0
100,0.569700383050138,76
100,0.813900924904153,95.5
100,0.9,152
101,0.465552772644362,0
101,0.713724922265102,76
101,0.9,95.5
101,0.9,152
102,0.353767355201041,0
102,0.581363034480714,76
102,0.823833773413601,95.5
102,0.9,152
103,0.480784269434094,0
103,0.72977164023732,76
103,0.9,95.5
103,0.9,152
104,0.434837162696058,0
104,0.679815267895284,76
104,0.897041679288187,95.5
104,0.9,152
105,0.440962599225569,0
105,0.686699063127696,76
105,0.9,95.5
105,0.9,152
106,0.46968474772707,0
106,0.717979406765419,76
106,0.9,95.5
106,0.9,152
107,0.246346891115761,0
107,0.431178726479449,76
107,0.675198984726188,95.5
107,0.9,152
108,0.427745683776742,0
108,0.67175239720098,76
108,0.891796520577102,95.5
108,0.9,152
109,0.478435858533513,0
109,0.727327714503025,76
109,0.9,95.5
109,0.9,152
110,0.499893887174961,0
110,0.749249486366745,76
110,0.9,95.5
110,0.9,152
111,0.468227096582246,0
111,0.716431544014579,76
111,0.9,95.5
111,0.9,152
112,0.520930539717011,0
112,0.769849128708173,76
112,0.9,95.5
112,0.9,152
113,0.517934320492915,0
113,0.766969066277606,76
113,0.9,95.5
113,0.9,152
114,0.505931187123823,0
114,0.75525169164404,76
114,0.9,95.5
114,0.9,152
115,0.290017369729696,0
115,0.495005928206853,76
115,0.743855266422456,95.5
115,0.9,152
116,0.281231966504048,0
116,0.482470614364592,76
116,0.731011106481561,95.5
116,0.9,152
117,0.359754373026938,0
117,0.589057519211371,76
117,0.830238419233546,95.5
117,0.9,152
118,0.318522382264139,0
118,0.534619621338716,76
118,0.782388181953436,95.5
118,0.9,152
119,0.36104268765755,0
119,0.590703923381782,76
119,0.831593488317108,95.5
119,0.9,152
120,0.448773497988857,0
120,0.695511849991602,76
120,0.9,95.5
120,0.9,152
121,0.499521147932955,0
121,0.748876530719347,76
121,0.9,95.5
121,0.9,152
122,0.359625114024421,0
122,0.588892150003225,76
122,0.830102013510678,95.5
122,0.9,152
123,0.277690511918745,0
123,0.477374085055287,76
123,0.725699585782695,95.5
123,0.9,152
124,0.499893887174197,0
124,0.749249486366696,76
124,0.9,95.5
124,0.9,152
125,0.277365967637102,0
125,0.47690578226245,76
125,0.725208935271797,95.5
125,0.9,152
126,0.511730137983294,0
126,0.760948472035214,76
126,0.9,95.5
126,0.9,152
127,0.305771382734375,0
127,0.517099418845377,76
127,0.765731491044571,95.5
127,0.9,152
128,0.366453700632043,0
128,0.597582849037827,76
128,0.837196644876866,95.5
128,0.9,152
129,0.501007140567409,0
129,0.750361736057677,76
129,0.9,95.5
129,0.9,152
130,0.430460577081952,0
130,0.674851021519604,76
130,0.893827660815271,95.5
130,0.9,152
131,0.353624221148381,0
131,0.581178205798341,76
131,0.82367847480479,95.5
131,0.9,152
132,0.349869144069501,0
132,0.576314710199186,76
132,0.819567525107593,95.5
132,0.9,152
133,0.46900599959656,0
133,0.717259179055678,76
133,0.9,95.5
133,0.9,152
134,0.360399500057494,0
134,0.589882373647212,76
134,0.830917989988368,95.5
134,0.9,152
135,0.484248298826606,0
135,0.733356476342835,76
135,0.9,95.5
135,0.9,152
136,0.445453670581891,0
136,0.691698621498467,76
136,0.9,95.5
136,0.9,152
137,0.370160919425004,0
137,0.602262118235674,76
137,0.840954113017736,95.5
137,0.9,152
138,0.261453937514294,0
138,0.453688231425539,76
138,0.700336412363928,95.5
138,0.9,152
139,0.46685575369785,0
139,0.714971463696791,76
139,0.9,95.5
139,0.9,152
140,0.482277357071083,0
140,0.731319733959775,76
140,0.9,95.5
140,0.9,152
141,0.283775197157696,0
141,0.486115187502959,76
141,0.734777722253374,95.5
141,0.9,152
142,0.493734786786186,0
142,0.743051263008201,76
142,0.9,95.5
142,0.9,152
143,0.289709116824993,0
143,0.49456870390074,76
143,0.743412534321263,95.5
143,0.9,152
144,0.331089874966856,0
144,0.551570906636292,76
144,0.797921741021619,95.5
144,0.9,152
145,0.467160390062862,0
145,0.715440428348828,76
145,0.9,95.5
145,0.9,152
146,0.473834819725007,0
146,0.722507649266485,76
146,0.9,95.5
146,0.9,152
147,0.518289729361904,0
147,0.767311632883627,76
147,0.9,95.5
147,0.9,152
148,0.358588225726959,0
148,0.587564389487022,76
148,0.829004824446986,95.5
148,0.9,152
149,0.508452672719623,0
149,0.757736994554545,76
149,0.9,95.5
149,0.9,152
150,0.318958007347915,0
150,0.535212462585453,76
150,0.782941105708721,95.5
150,0.9,152
151,0.416141771585522,0
151,0.658342722906029,76
151,0.882785138918281,95.5
151,0.9,152
152,0.367367715929088,0
152,0.599043005805201,76
152,0.838625713723066,95.5
152,0.9,152
153,0.365602579256119,0
153,0.596808016985428,76
153,0.836823957052725,95.5
153,0.9,152
154,0.50149954530179,0
154,0.750852908244431,76
154,0.9,95.5
154,0.9,152
155,0.457724310921934,0
155,0.705153536063549,76
155,0.9,95.5
155,0.9,152
156,0.464016818661852,0
156,0.711936910582466,76
156,0.9,95.5
156,0.9,152
157,0.434837162693352,0
157,0.679815267894968,76
157,0.897041679288185,95.5
157,0.9,152
158,0.440962599229672,0
158,0.686699063128149,76
158,0.9,95.5
158,0.9,152
159,0.362960710373493,0
159,0.593148941760114,76
159,0.833595871880969,95.5
159,0.9,152
160,0.390119911395606,0
160,0.627295417994424,76
160,0.860541284288646,95.5
160,0.9,152
161,0.27638971184158,0
161,0.475495824803864,76
161,0.72372905895296,95.5
161,0.9,152
162,0.369816119654289,0
162,0.601828064526929,76
162,0.840607405841552,95.5
162,0.9,152
163,0.366687315413902,0
163,0.597878526593369,76
163,0.837435368654478,95.5
163,0.9,152
164,0.456045368067023,0
164,0.70333028054438,76
164,0.9,95.5
164,0.9,152
165,0.343987522009762,0
165,0.568640531777566,76
165,0.812984820738734,95.5
165,0.9,152
166,0.466358393093351,0
166,0.714585253077231,76
166,0.9,95.5
166,0.9,152
167,0.402679097717893,0
167,0.642448631968224,76
167,0.871638544746586,95.5
167,0.9,152
168,0.494575342828451,0
168,0.743901617350095,76
168,0.9,95.5
168,0.9,152
169,0.438473717401536,0
169,0.683911068138828,76
169,0.899656320132898,95.5
169,0.9,152
170,0.318304257033237,0
170,0.534322633220057,76
170,0.782110927463766,95.5
170,0.9,152
171,0.334254359118169,0
171,0.555789664018978,76
171,0.801698637392316,95.5
171,0.9,152
172,0.351899186341811,0
172,0.578947463885768,76
172,0.821798762520913,95.5
172,0.9,152
173,0.429165214655805,0
173,0.673516366226885,76
173,0.893038387178247,95.5
173,0.9,152
174,0.331089874976598,0
174,0.551570906638921,76
174,0.797921741021718,95.5
174,0.9,152
175,0.282188839707475,0
175,0.483843371357287,76
175,0.732432935150841,95.5
175,0.9,152
176,0.335176604002984,0
176,0.557015409979211,76
176,0.802789348670367,95.5
176,0.9,152
177,0.430280781753168,0
177,0.674646267754637,76
177,0.893694037853534,95.5
177,0.9,152
178,0.498523098071971,0
178,0.747876536814742,76
178,0.9,95.5
178,0.9,152
179,0.51447939442891,0
179,0.763625849148463,76
179,0.9,95.5
179,0.9,152
180,0.429481043944371,0
180,0.67387672343898,76
180,0.893274176958576,95.5
180,0.9,152
181,0.397163995877782,0
181,0.635833144101795,76
181,0.866850224479939,95.5
181,0.9,152
182,0.452517508673177,0
182,0.699480874788914,76
182,0.9,95.5
182,0.9,152
183,0.314119803088036,0
183,0.528606954945499,76
183,0.776740789972935,95.5
183,0.9,152
184,0.50932072728062,0
184,0.758589658013975,76
184,0.9,95.5
184,0.9,152
185,0.351899186338966,0
185,0.578947463885111,76
185,0.821798762520897,95.5
185,0.9,152
186,0.460558391079485,0
186,0.708218468121123,76
186,0.9,95.5
186,0.9,152
187,0.457291109055527,0
187,0.704827483951467,76
187,0.9,95.5
187,0.9,152
188,0.46920019273058,0
188,0.717465333500315,76
188,0.9,95.5
188,0.9,152
189,0.519351270402481,0
189,0.768333316163953,76
189,0.9,95.5
189,0.9,152
190,0.381308152689443,0
190,0.616475918596366,76
190,0.852336957560116,95.5
190,0.9,152
191,0.250934394665431,0
191,0.438062152233951,76
191,0.682992941736649,95.5
191,0.9,152
192,0.368547009178,0
192,0.600228396416093,76
192,0.839326398451764,95.5
192,0.9,152
193,0.28847209064524,0
193,0.492812209386188,76
193,0.74163007752532,95.5
193,0.9,152
194,0.498147291031949,0
194,0.747499482782209,76
194,0.9,95.5
194,0.9,152
195,0.32901814082678,0
195,0.548798157887572,76
195,0.795420076575345,95.5
195,0.9,152
196,0.481615350701882,0
196,0.730633887715824,76
196,0.9,95.5
196,0.9,152
197,0.379988423516887,0
197,0.614842163190652,76
197,0.851077768742312,95.5
197,0.9,152
198,0.439255050860174,0
198,0.684787632009926,76
198,0.9,95.5
198,0.9,152
199,0.320476163536561,0
199,0.537275565160158,76
199,0.784859834248997,95.5
199,0.9,152
200,0.362450921186749,0
200,0.592499797670934,76
200,0.833065409257679,95.5
200,0.9,152
201,0.335176604002984,0
201,0.557015409979211,76
201,0.802789348670367,95.5
201,0.9,152
202,0.464337488000694,0
202,0.712424656961061,76
202,0.9,95.5
202,0.9,152
203,0.49161495825717,0
203,0.740900464428465,76
203,0.9,95.5
203,0.9,152
204,0.343012579146845,0
204,0.567361798176108,76
204,0.811876538648805,95.5
204,0.9,152
205,0.451493443593844,0
205,0.698502358607551,76
205,0.9,95.5
205,0.9,152
206,0.493172086606197,0
206,0.742481215893353,76
206,0.9,95.5
206,0.9,152
207,0.490473466967436,0
207,0.739738583103086,76
207,0.9,95.5
207,0.9,152
208,0.439877781309629,0
208,0.685485390433969,76
208,0.9,95.5
208,0.9,152
209,0.304744905557147,0
209,0.515674933358961,76
209,0.764350331930495,95.5
209,0.9,152
210,0.264211442832716,0
210,0.457747873017979,76
210,0.704762778415987,95.5
210,0.9,152
211,0.459902473836741,0
211,0.707510546895374,76
211,0.9,95.5
211,0.9,152
212,0.340061551511871,0
212,0.563479700651408,76
212,0.808491932934714,95.5
212,0.9,152
213,0.353480992271197,0
213,0.580993213839129,76
213,0.823522970750866,95.5
213,0.9,152
214,0.434837162696058,0
214,0.679815267895284,76
214,0.897041679288187,95.5
214,0.9,152
215,0.440962599225569,0
215,0.686699063127696,76
215,0.9,95.5
215,0.9,152
216,0.520055088308615,0
216,0.769009468469934,76
216,0.9,95.5
216,0.9,152
217,0.498898064279338,0
217,0.74825246643182,76
217,0.9,95.5
217,0.9,152
218,0.36912482391529,0
218,0.600957108779847,76
218,0.839910581744171,95.5
218,0.9,152
219,0.34284966712143,0
219,0.567147938461888,76
219,0.81169086746739,95.5
219,0.9,152
220,0.435689793508827,0
220,0.680920422716362,76
220,0.897830867793424,95.5
220,0.9,152
221,0.328260012414039,0
221,0.547781365004802,76
221,0.794498851849008,95.5
221,0.9,152
222,0.44127139455901,0
222,0.68704410821251,76
222,0.9,95.5
222,0.9,152
223,0.491330302985952,0
223,0.740610967740733,76
223,0.9,95.5
223,0.9,152
224,0.438117273198363,0
224,0.683653438368155,76
224,0.899572177899544,95.5
224,0.9,152
225,0.499893887176497,0
225,0.749249486366841,76
225,0.9,95.5
225,0.9,152
226,0.506372487050231,0
226,0.755687574650993,76
226,0.9,95.5
226,0.9,152
227,0.511928060022412,0
227,0.761141723068293,76
227,0.9,95.5
227,0.9,152
228,0.435792617072917,0
228,0.680893936279542,76
228,0.897733525457403,95.5
228,0.9,152
229,0.323055339520587,0
229,0.540770022816909,76
229,0.788090399744895,95.5
229,0.9,152
230,0.462511938056735,0
230,0.710321819172025,76
230,0.9,95.5
230,0.9,152
231,0.454173611238415,0
231,0.701434696410978,76
231,0.9,95.5
231,0.9,152
232,0.458947842283517,0
232,0.706622625230653,76
232,0.9,95.5
232,0.9,152
233,0.460776501231384,0
233,0.708453680964236,76
233,0.9,95.5
233,0.9,152
234,0.43563371022278,0
234,0.680714663210191,76
234,0.897618702937882,95.5
234,0.9,152
235,0.498898064280115,0
235,0.748252466431868,76
235,0.9,95.5
235,0.9,152
236,0.467958790637129,0
236,0.716290494283643,76
236,0.9,95.5
236,0.9,152
237,0.42499170196602,0
237,0.668594145730985,76
237,0.889706532482169,95.5
237,0.9,152
238,0.344796678514128,0
238,0.569700383050138,76
238,0.813900924904153,95.5
238,0.9,152
239,0.390119911393863,0
239,0.627295417994127,76
239,0.860541284288642,95.5
239,0.9,152
240,0.275081880419745,0
240,0.47360401533516,76
240,0.721737221669664,95.5
240,0.9,152
241,0.489756128165587,0
241,0.739007100762231,76
241,0.9,95.5
241,0.9,152
242,0.430460577081938,0
242,0.674851021519602,76
242,0.893827660815271,95.5
242,0.9,152
243,0.281231966504048,0
243,0.482470614364592,76
243,0.731011106481561,95.5
243,0.9,152
244,0.314119803091662,0
244,0.528606954946594,76
244,0.776740789972989,95.5
244,0.9,152
245,0.300331184057019,0
245,0.509525922055949,76
245,0.758341967208143,95.5
245,0.9,152
246,0.518378459147603,0
246,0.767397117221256,76
246,0.9,95.5
246,0.9,152
247,0.452394634540015,0
247,0.699346354141643,76
247,0.9,95.5
247,0.9,152
248,0.489756128163929,0
248,0.739007100762114,76
248,0.9,95.5
248,0.9,152
249,0.281231966504048,0
249,0.482470614364592,76
249,0.731011106481561,95.5
249,0.9,152
250,0.490330240633191,0
250,0.739592614837862,76
250,0.9,95.5
250,0.9,152
251,0.456286169320422,0
251,0.703592124957312,76
251,0.9,95.5
251,0.9,152
252,0.395828267745435,0
252,0.63422178633261,76
252,0.865670667493056,95.5
252,0.9,152
253,0.332211880958077,0
253,0.553068999377613,76
253,0.799266991021049,95.5
253,0.9,152
254,0.507141932133173,0
254,0.756446645657363,76
254,0.9,95.5
254,0.9,152
255,0.331464503027952,0
255,0.55207138553691,76
255,0.798371656361586,95.5
255,0.9,152
256,0.489899837690615,0
256,0.739153725986464,76
256,0.9,95.5
256,0.9,152
257,0.468616974963253,0
257,0.716845966310506,76
257,0.9,95.5
257,0.9,152
258,0.303713876363075,0
258,0.514242018958114,76
258,0.762956922498787,95.5
258,0.9,152
259,0.467160390062862,0
259,0.715440428348828,76
259,0.9,95.5
259,0.9,152
260,0.515740187814643,0
260,0.764848636239982,76
260,0.9,95.5
260,0.9,152
261,0.438117273198363,0
261,0.683653438368155,76
261,0.899572177899544,95.5
261,0.9,152
262,0.366453700634532,0
262,0.597582849038341,76
262,0.837196644876877,95.5
262,0.9,152
263,0.505710094024544,0
263,0.755033166368762,76
263,0.9,95.5
263,0.9,152
264,0.36876929197563,0
264,0.600813235359772,76
264,0.840045719498514,95.5
264,0.9,152
265,0.430998946260723,0
265,0.675463739443702,76
265,0.894227021540583,95.5
265,0.9,152
266,0.433539798775506,0
266,0.678490001562268,76
266,0.896269800361593,95.5
266,0.9,152
267,0.455562806982173,0
267,0.702805201395129,76
267,0.9,95.5
267,0.9,152
268,0.520668406113372,0
268,0.7695978722984,76
268,0.9,95.5
268,0.9,152
269,0.334254359118169,0
269,0.555789664018978,76
269,0.801698637392316,95.5
269,0.9,152
270,0.334254359121404,0
270,0.555789664019834,76
270,0.801698637392348,95.5
270,0.9,152
271,0.425361191710321,0
271,0.669018752847097,76
271,0.889988679060433,95.5
271,0.9,152
272,0.245925665966013,0
272,0.43054458905078,76
272,0.674476227011215,95.5
272,0.9,152
273,0.359495776980389,0
273,0.588726647648733,76
273,0.829965443315792,95.5
273,0.9,152
274,0.365247780059039,0
274,0.596358025932953,76
274,0.836459986034946,95.5
274,0.9,152
275,0.450509026401761,0
275,0.697421721900152,76
275,0.9,95.5
275,0.9,152
276,0.483429805599111,0
276,0.732511598257799,76
276,0.9,95.5
276,0.9,152
277,0.446143740134368,0
277,0.692463257853749,76
277,0.9,95.5
277,0.9,152
278,0.426098045213174,0
278,0.669864711306459,76
278,0.890549733910998,95.5
278,0.9,152
279,0.369009387414,0
279,0.600811578914344,76
279,0.839794000243979,95.5
279,0.9,152
280,0.355335601328786,0
280,0.583385435280359,76
280,0.825528601626092,95.5
280,0.9,152
281,0.520142848907177,0
281,0.769093710093396,76
281,0.9,95.5
281,0.9,152
282,0.308064485599045,0
282,0.520274075697452,76
282,0.768795047086817,95.5
282,0.9,152
283,0.433230650839761,0
283,0.678139772805522,76
283,0.896043873246221,95.5
283,0.9,152
284,0.440498447458047,0
284,0.686180066545354,76
284,0.9,95.5
284,0.9,152
285,0.513110572166823,0
285,0.762294699465428,76
285,0.9,95.5
285,0.9,152
286,0.266162342469576,0
286,0.460610872626486,76
286,0.707864696552976,95.5
286,0.9,152
287,0.314119803091662,0
287,0.528606954946594,76
287,0.776740789972989,95.5
287,0.9,152
288,0.518998201452466,0
288,0.767993753417367,76
288,0.9,95.5
288,0.9,152
289,0.298753277486674,0
289,0.507318236781295,76
289,0.756166406766808,95.5
289,0.9,152
290,0.24927589155021,0
290,0.435578449037169,76
290,0.680191557023613,95.5
290,0.9,152
291,0.46812949322189,0
291,0.716327748825619,76
291,0.9,95.5
291,0.9,152
292,0.49090242439349,0
292,0.74017550769771,76
292,0.9,95.5
292,0.9,152
293,0.44142560099891,0
293,0.687216345907496,76
293,0.9,95.5
293,0.9,152
294,0.422946725205996,0
294,0.666239194569953,76
294,0.888135148544088,95.5
294,0.9,152
295,0.359625114024455,0
295,0.588892150003231,76
295,0.830102013510676,95.5
295,0.9,152
296,0.517399733054667,0
296,0.766453320942852,76
296,0.9,95.5
296,0.9,152
297,0.454715234829552,0
297,0.701881826521402,76
297,0.9,95.5
297,0.9,152
298,0.413979080198845,0
298,0.655813801535737,76
298,0.88104538525232,95.5
298,0.9,152
299,0.39689755714046,0
299,0.635512009308231,76
299,0.866615559304415,95.5
299,0.9,152
300,0.321123711317105,0
300,0.538154155859246,76
300,0.785674366465564,95.5
300,0.9,152
301,0.395560057872818,0
301,0.633897802086667,76
301,0.865432875727618,95.5
301,0.9,152
302,0.478435858533513,0
302,0.727327714503025,76
302,0.9,95.5
302,0.9,152
303,0.399282902493295,0
303,0.638381993486644,76
303,0.868705452936147,95.5
303,0.9,152
304,0.35910729677803,0
304,0.588229340089591,76
304,0.829554743250942,95.5
304,0.9,152
305,0.4375318041495,0
305,0.682852734661764,76
305,0.898983926093938,95.5
305,0.9,152
306,0.478435858533545,0
306,0.727327714503027,76
306,0.9,95.5
306,0.9,152
307,0.394483644637149,0
307,0.632596105382972,76
307,0.864475366468044,95.5
307,0.9,152
308,0.422946725209001,0
308,0.666239194570338,76
308,0.888135148544091,95.5
308,0.9,152
309,0.399282902493295,0
309,0.638381993486644,76
309,0.868705452936147,95.5
309,0.9,152
310,0.254626313870116,0
310,0.443571346817869,76
310,0.689163031721684,95.5
310,0.9,152
311,0.46920019273058,0
311,0.717465333500315,76
311,0.9,95.5
311,0.9,152
312,0.36551665873869,0
312,0.596395777796545,76
312,0.836236471954567,95.5
312,0.9,152
313,0.368662698690008,0
313,0.600374351729562,76
313,0.839443490640581,95.5
313,0.9,152
314,0.369355507649548,0
314,0.601247850412795,76
314,0.840143363305679,95.5
314,0.9,152
315,0.455858902316471,0
315,0.703271214095625,76
315,0.9,95.5
315,0.9,152
316,0.439877781308263,0
316,0.685485390433817,76
316,0.9,95.5
316,0.9,152
317,0.422759737431498,0
317,0.666023447442975,76
317,0.887990632738544,95.5
317,0.9,152
318,0.305771382742102,0
318,0.517099418847878,76
318,0.765731491044706,95.5
318,0.9,152
319,0.392858215807771,0
319,0.630626111309659,76
319,0.863019826395265,95.5
319,0.9,152
320,0.328260012407624,0
320,0.54778136500303,76
320,0.794498851848941,95.5
320,0.9,152
321,0.323695572730343,0
321,0.541635405939785,76
321,0.788886671389265,95.5
321,0.9,152
322,0.518023246257899,0
322,0.767054802456279,76
322,0.9,95.5
322,0.9,152
323,0.490473466967436,0
323,0.739738583103086,76
323,0.9,95.5
323,0.9,152
324,0.28440681084794,0
324,0.487018324259202,76
324,0.735707014369474,95.5
324,0.9,152
325,0.450230894884231,0
325,0.696972594248879,76
325,0.9,95.5
325,0.9,152
326,0.33973120751115,0
326,0.563044051649299,76
326,0.808110236629134,95.5
326,0.9,152
327,0.448742768999543,0
327,0.695334608271704,76
327,0.9,95.5
327,0.9,152
328,0.286291703772454,0
328,0.489708787590438,76
328,0.738465773126207,95.5
328,0.9,152
329,0.499022866704519,0
329,0.748377527302942,76
329,0.9,95.5
329,0.9,152
330,0.335360595017682,0
330,0.5572597478667,76
330,0.803006410868035,95.5
330,0.9,152
331,0.428291759768454,0
331,0.672376837789874,76
331,0.892207384915059,95.5
331,0.9,152
332,0.464016818661804,0
332,0.711936910582462,76
332,0.9,95.5
332,0.9,152
333,0.454957800965771,0
333,0.702146232883577,76
333,0.9,95.5
333,0.9,152
334,0.31721049075513,0
334,0.532831988640096,76
334,0.780716674828237,95.5
334,0.9,152
335,0.464540609846925,0
335,0.71264218747799,76
335,0.9,95.5
335,0.9,152
336,0.505931187123823,0
336,0.75525169164404,76
336,0.9,95.5
336,0.9,152
337,0.251759547027277,0
337,0.439295824784539,76
337,0.684379851020943,95.5
337,0.9,152
338,0.418280757821433,0
338,0.660834752643926,76
338,0.884487003032815,95.5
338,0.9,152
339,0.369585939411454,0
339,0.601538168687484,76
339,0.840375637513706,95.5
339,0.9,152
340,0.509320727282058,0
340,0.758589658014058,76
340,0.9,95.5
340,0.9,152
341,0.360657007287821,0
341,0.590211388992405,76
341,0.831188676185149,95.5
341,0.9,152
342,0.417854836191616,0
342,0.660339259221924,76
342,0.884149608369426,95.5
342,0.9,152
343,0.352475726321865,0
343,0.57969368016537,76
343,0.822428659356615,95.5
343,0.9,152
344,0.468811593804981,0
344,0.717052723545858,76
344,0.9,95.5
344,0.9,152
345,0.399546201894604,0
345,0.638698093142689,76
345,0.868934626977813,95.5
345,0.9,152
346,0.379325392146183,0
346,0.614020054680921,76
346,0.850442125790202,95.5
346,0.9,152
347,0.456165808560745,0
347,0.703461260553085,76
347,0.9,95.5
347,0.9,152
348,0.479110074501857,0
348,0.728030478125443,76
348,0.9,95.5
348,0.9,152
349,0.369355507649581,0
349,0.601247850412798,76
349,0.840143363305678,95.5
349,0.9,152
350,0.447516207702073,0
350,0.693981208209859,76
350,0.9,95.5
350,0.9,152
351,0.278661535443907,0
351,0.478773975895677,76
351,0.727163678346231,95.5
351,0.9,152
352,0.466759842812248,0
352,0.715013482254744,76
352,0.9,95.5
352,0.9,152
353,0.498773168776827,0
353,0.748127281183948,76
353,0.9,95.5
353,0.9,152
354,0.412450855913931,0
354,0.654021165085616,76
354,0.879804408297475,95.5
354,0.9,152
355,0.454715234830751,0
355,0.701881826521518,76
355,0.9,95.5
355,0.9,152
356,0.499893887176497,0
356,0.749249486366841,76
356,0.9,95.5
356,0.9,152
357,0.389844043889785,0
357,0.626959042017882,76
357,0.860289736830449,95.5
357,0.9,152
358,0.255033175994527,0
358,0.44417681869084,76
358,0.68983745741118,95.5
358,0.9,152
359,0.430998946262216,0
359,0.675463739443881,76
359,0.894227021540585,95.5
359,0.9,152
360,0.467560038217651,0
360,0.715866097117192,76
360,0.9,95.5
360,0.9,152
361,0.466358393092395,0
361,0.714585253077147,76
361,0.9,95.5
361,0.9,152
362,0.409358291577733,0
362,0.65037928261258,76
362,0.877263479004254,95.5
362,0.9,152
363,0.512520388936753,0
363,0.761719605996355,76
363,0.9,95.5
363,0.9,152
364,0.463588139325643,0
364,0.711477296558659,76
364,0.9,95.5
364,0.9,152
365,0.460776501233647,0
365,0.708453680964442,76
365,0.9,95.5
365,0.9,152
366,0.509860937771865,0
366,0.759119531460033,76
366,0.9,95.5
366,0.9,152
367,0.263033430842311,0
367,0.456015438103371,76
367,0.702877854324538,95.5
367,0.9,152
368,0.502968081355103,0
368,0.752314896068918,76
368,0.9,95.5
368,0.9,152
369,0.452640300363561,0
369,0.699615275113131,76
369,0.9,95.5
369,0.9,152
370,0.415926576366347,0
370,0.658091504319703,76
370,0.88261288695245,95.5
370,0.9,152
371,0.379325392146183,0
371,0.614020054680921,76
371,0.850442125790202,95.5
371,0.9,152
372,0.454715234829565,0
372,0.701881826521402,76
372,0.9,95.5
372,0.9,152
373,0.34447337413787,0
373,0.569277068130102,76
373,0.813535292723849,95.5
373,0.9,152
374,0.278338294848316,0
374,0.478308179629096,76
374,0.72667695264997,95.5
374,0.9,152
375,0.369701060943819,0
375,0.601683169353901,76
375,0.840491584820779,95.5
375,0.9,152
376,0.462727694987403,0
376,0.710553654450599,76
376,0.9,95.5
376,0.9,152
377,0.334992460615189,0
377,0.556770802254187,76
377,0.802571927511485,95.5
377,0.9,152
378,0.281231966504001,0
378,0.482470614364578,76
378,0.731011106481559,95.5
378,0.9,152
379,0.351899186341848,0
379,0.578947463885774,76
379,0.821798762520913,95.5
379,0.9,152
380,0.44517692170243,0
380,0.691391701260895,76
380,0.9,95.5
380,0.9,152
381,0.500265796983861,0
381,0.749621335867981,76
381,0.9,95.5
381,0.9,152
382,0.303972062248859,0
382,0.514601041856144,76
382,0.763306431233578,95.5
382,0.9,152
383,0.465552772642444,0
383,0.713724922264934,76
383,0.9,95.5
383,0.9,152
384,0.493031118895283,0
384,0.742338308687966,76
384,0.9,95.5
384,0.9,152
385,0.458947842284587,0
385,0.706622625230753,76
385,0.9,95.5
385,0.9,152
386,0.500389583132466,0
386,0.749745040741565,76
386,0.9,95.5
386,0.9,152
387,0.456286169320422,0
387,0.703592124957312,76
387,0.9,95.5
387,0.9,152
388,0.511730137983964,0
388,0.760948472035252,76
388,0.9,95.5
388,0.9,152
389,0.415926576366331,0
389,0.658091504319703,76
389,0.88261288695245,95.5
389,0.9,152
390,0.352907126463174,0
390,0.580251608909156,76
390,0.822898892821566,95.5
390,0.9,152
391,0.479949188097767,0
391,0.728903854881624,76
391,0.9,95.5
391,0.9,152
392,0.3756404058065,0
392,0.609434979737241,76
392,0.846872242422591,95.5
392,0.9,152
393,0.484084910656865,0
393,0.73318792797137,76
393,0.9,95.5
393,0.9,152
394,0.520930539717011,0
394,0.769849128708173,76
394,0.9,95.5
394,0.9,152
395,0.49004342616332,0
395,0.739300186555758,76
395,0.9,95.5
395,0.9,152
396,0.478435858534434,0
396,0.727327714503095,76
396,0.9,95.5
396,0.9,152
397,0.407344305761467,0
397,0.647997309519087,76
397,0.875587240142221,95.5
397,0.9,152
398,0.442291188668363,0
398,0.688325223033351,76
398,0.9,95.5
398,0.9,152
399,0.456286169317992,0
399,0.703592124957081,76
399,0.9,95.5
399,0.9,152
400,0.316331689405916,0
400,0.531632584248411,76
400,0.779591614612215,95.5
400,0.9,152
401,0.512421816806865,0
401,0.761623486434394,76
401,0.9,95.5
401,0.9,152
402,0.504933930421541,0
402,0.754265245260157,76
402,0.9,95.5
402,0.9,152
403,0.464016818661804,0
403,0.711936910582462,76
403,0.9,95.5
403,0.9,152
404,0.44127139455901,0
404,0.68704410821251,76
404,0.9,95.5
404,0.9,152
405,0.359754373026938,0
405,0.589057519211371,76
405,0.830238419233546,95.5
405,0.9,152
406,0.448524223669587,0
406,0.695237041191845,76
406,0.9,95.5
406,0.9,152
407,0.323695572730213,0
407,0.54163540593976,76
407,0.788886671389263,95.5
407,0.9,152
408,0.506702689088265,0
408,0.756013469393439,76
408,0.9,95.5
408,0.9,152
409,0.506151984578658,0
409,0.755469827391196,76
409,0.9,95.5
409,0.9,152
410,0.470921216581892,0
410,0.71943350948722,76
410,0.9,95.5
410,0.9,152
411,0.449285298828596,0
411,0.695932284371486,76
411,0.9,95.5
411,0.9,152
412,0.501130378181222,0
412,0.750484710571886,76
412,0.9,95.5
412,0.9,152
413,0.290632677224017,0
413,0.495878111403589,76
413,0.744737299895764,95.5
413,0.9,152
414,0.450096107047968,0
414,0.696824414588494,76
414,0.9,95.5
414,0.9,152
415,0.512421816808208,0
415,0.76162348643447,76
415,0.9,95.5
415,0.9,152
416,0.473834819724998,0
416,0.722507649266484,76
416,0.9,95.5
416,0.9,152
417,0.518555772116803,0
417,0.767567897605022,76
417,0.9,95.5
417,0.9,152
418,0.424806690348156,0
418,0.668381433372471,76
418,0.889565051980984,95.5
418,0.9,152
419,0.361427673310597,0
419,0.591195275213927,76
419,0.831996846072673,95.5
419,0.9,152
420,0.439877781306882,0
420,0.685485390433663,76
420,0.9,95.5
420,0.9,152
421,0.512520388938098,0
421,0.761719605996429,76
421,0.9,95.5
421,0.9,152
422,0.514187044746726,0
422,0.763341859379717,76
422,0.9,95.5
422,0.9,152
423,0.276389711833378,0
423,0.475495824800587,76
423,0.723729058952693,95.5
423,0.9,152
424,0.472868960500779,0
424,0.721490448567311,76
424,0.9,95.5
424,0.9,152
425,0.502724224155881,0
425,0.75207242411206,76
425,0.9,95.5
425,0.9,152
426,0.457291109055527,0
426,0.704827483951467,76
426,0.9,95.5
426,0.9,152
427,0.362960710376319,0
427,0.593148941760701,76
427,0.833595871880982,95.5
427,0.9,152
428,0.296099618728062,0
428,0.503594262760998,76
428,0.752474627238112,95.5
428,0.9,152
429,0.499396716665916,0
429,0.748751965506362,76
429,0.9,95.5
429,0.9,152
430,0.502235433830495,0
430,0.7515860531932,76
430,0.9,95.5
430,0.9,152
431,0.439917510144706,0
431,0.685672671739882,76
431,0.9,95.5
431,0.9,152
432,0.427015149148182,0
432,0.670916097576194,76
432,0.891245037238396,95.5
432,0.9,152
433,0.339234763201037,0
433,0.562388945280704,76
433,0.807535548965369,95.5
433,0.9,152
434,0.350160314351189,0
434,0.576692831830906,76
434,0.819888830591336,95.5
434,0.9,152
435,0.351899186338929,0
435,0.578947463885107,76
435,0.821798762520894,95.5
435,0.9,152
436,0.458476035153033,0
436,0.706111959652389,76
436,0.9,95.5
436,0.9,152
437,0.274096354315162,0
437,0.47217617812367,76
437,0.720229173411008,95.5
437,0.9,152
438,0.266162342474355,0
438,0.460610872628517,76
438,0.707864696553167,95.5
438,0.9,152
439,0.482442463734611,0
439,0.731490650159546,76
439,0.9,95.5
439,0.9,152
440,0.484084910657761,0
440,0.733187927971437,76
440,0.9,95.5
440,0.9,152
441,0.466954057748906,0
441,0.715076253599753,76
441,0.9,95.5
441,0.9,152
442,0.439618669319246,0
442,0.685337924851423,76
442,0.9,95.5
442,0.9,152
443,0.34656637062187,0
443,0.572013821851727,76
443,0.81589280960226,95.5
443,0.9,152
444,0.301116166094612,0
444,0.510622361869999,76
444,0.759418844900444,95.5
444,0.9,152
445,0.460121998672972,0
445,0.707891558512828,76
445,0.9,95.5
445,0.9,152
446,0.459183284967365,0
446,0.706877293090697,76
446,0.9,95.5
446,0.9,152
447,0.468616974962177,0
447,0.716845966310414,76
447,0.9,95.5
447,0.9,152
448,0.295832598068508,0
448,0.503218766739276,76
448,0.75210084482395,95.5
448,0.9,152
449,0.367735404218337,0
449,0.599203716361398,76
449,0.838503154766728,95.5
449,0.9,152
450,0.500265796983861,0
450,0.749621335867981,76
450,0.9,95.5
450,0.9,152
451,0.353480992274012,0
451,0.580993213839773,76
451,0.823522970750885,95.5
451,0.9,152
452,0.500883811812136,0
452,0.750238640266778,76
452,0.9,95.5
452,0.9,152
453,0.426299000056095,0
453,0.670236954727065,76
453,0.890880657638834,95.5
453,0.9,152
454,0.357937616055076,0
454,0.586730175065047,76
454,0.828313675335512,95.5
454,0.9,152
455,0.257460477228171,0
455,0.447782158247449,76
455,0.693838297718759,95.5
455,0.9,152
456,0.248859546762415,0
456,0.434954088914408,76
456,0.679485408684305,95.5
456,0.9,152
457,0.450096107046679,0
457,0.696824414588362,76
457,0.9,95.5
457,0.9,152
458,0.313229037619782,0
458,0.527385729441232,76
458,0.775584953167079,95.5
458,0.9,152
459,0.308064485603035,0
459,0.52027407569871,76
459,0.768795047086882,95.5
459,0.9,152
460,0.37462399420735,0
460,0.608165537634166,76
460,0.845876446327678,95.5
460,0.9,152
461,0.51820095064765,0
461,0.767226085689801,76
461,0.9,95.5
461,0.9,152
462,0.492041048809441,0
462,0.741333499863963,76
462,0.9,95.5
462,0.9,152
463,0.450509026401761,0
463,0.697421721900152,76
463,0.9,95.5
463,0.9,152
464,0.474219683169826,0
464,0.722912452112035,76
464,0.9,95.5
464,0.9,152
465,0.468129493220837,0
465,0.716327748825529,76
465,0.9,95.5
465,0.9,152
466,0.451738724250516,0
466,0.698771312792558,76
466,0.9,95.5
466,0.9,152
467,0.509537025180161,0
467,0.758801886886175,76
467,0.9,95.5
467,0.9,152
468,0.260660384488123,0
468,0.452517145098684,76
468,0.699053446098246,95.5
468,0.9,152
469,0.319392800816474,0
469,0.535803795328195,76
469,0.783491924772013,95.5
469,0.9,152
470,0.254626313870116,0
470,0.443571346817869,76
470,0.689163031721684,95.5
470,0.9,152
471,0.518200950646351,0
471,0.767226085689733,76
471,0.9,95.5
471,0.9,152
472,0.369355507649581,0
472,0.601247850412798,76
472,0.840143363305678,95.5
472,0.9,152
473,0.460230730479086,0
473,0.707864936377927,76
473,0.9,95.5
473,0.9,152
474,0.457604900168155,0
474,0.705024047058741,76
474,0.9,95.5
474,0.9,152
475,0.4685552470622,0
475,0.716924718215866,76
475,0.9,95.5
475,0.9,152
476,0.508452672718876,0
476,0.757736994554502,76
476,0.9,95.5
476,0.9,152
477,0.297960323136057,0
477,0.506206924534675,76
477,0.75506759295217,95.5
477,0.9,152
478,0.256654007095341,0
478,0.446585586546857,76
478,0.692513328982383,95.5
478,0.9,152
479,0.333699172729259,0
479,0.555050955035366,76
479,0.80103986168661,95.5
479,0.9,152
480,0.428291759768439,0
480,0.672376837789874,76
480,0.892207384915059,95.5
480,0.9,152
481,0.33554443386607,0
481,0.557503816362063,76
481,0.80322311489422,95.5
481,0.9,152
482,0.450509026401754,0
482,0.697421721900152,76
482,0.9,95.5
482,0.9,152
483,0.453375324461838,0
483,0.700419159300822,76
483,0.9,95.5
483,0.9,152
484,0.277690511918745,0
484,0.477374085055287,76
484,0.725699585782695,95.5
484,0.9,152
485,0.472481128419617,0
485,0.721081477125988,76
485,0.9,95.5
485,0.9,152
486,0.370160919425004,0
486,0.602262118235674,76
486,0.840954113017736,95.5
486,0.9,152
487,0.429740375230227,0
487,0.674030456274223,76
487,0.893291651930183,95.5
487,0.9,152
488,0.423506603089031,0
488,0.666884766727654,76
488,0.888567021816898,95.5
488,0.9,152
489,0.456045368068211,0
489,0.703330280544495,76
489,0.9,95.5
489,0.9,152
490,0.266162342474355,0
490,0.460610872628517,76
490,0.707864696553167,95.5
490,0.9,152
491,0.322198869356717,0
491,0.539611082812402,76
491,0.787021677239996,95.5
491,0.9,152
492,0.346085145058341,0
492,0.571385354629018,76
492,0.815352751762325,95.5
492,0.9,152
493,0.41310726777943,0
493,0.654791719283424,76
493,0.880338622300387,95.5
493,0.9,152
494,0.332211880958077,0
494,0.553068999377613,76
494,0.799266991021049,95.5
494,0.9,152
495,0.262244948445017,0
495,0.454854318442868,76
495,0.701611191937292,95.5
495,0.9,152
496,0.505710094024544,0
496,0.755033166368762,76
496,0.9,95.5
496,0.9,152
497,0.365164198364506,0
497,0.595948818525005,76
497,0.835874216094828,95.5
497,0.9,152
498,0.445453670581891,0
498,0.691698621498467,76
498,0.9,95.5
498,0.9,152
499,0.428291759768439,0
499,0.672376837789874,76
499,0.892207384915059,95.5
499,0.9,152
500,0.470332680570258,0
500,0.718810489893105,76
500,0.9,95.5
500,0.9,152
501,0.440808009983304,0
501,0.686526255109716,76
501,0.9,95.5
501,0.9,152
502,0.454715234830751,0
502,0.701881826521518,76
502,0.9,95.5
502,0.9,152
503,0.295832598076041,0
503,0.503218766741899,76
503,0.752100844824113,95.5
503,0.9,152
504,0.360785644730754,0
504,0.59037569878087,76
504,0.831323775591106,95.5
504,0.9,152
505,0.498648180079687,0
505,0.748001971373591,76
505,0.9,95.5
505,0.9,152
506,0.303455403866204,0
506,0.513882464566709,76
506,0.762606639048173,95.5
506,0.9,152
507,0.491472690223056,0
507,0.740755796904472,76
507,0.9,95.5
507,0.9,152
508,0.351899186338929,0
508,0.578947463885107,76
508,0.821798762520894,95.5
508,0.9,152
509,0.36843125626635,0
509,0.600082334448612,76
509,0.83920917812489,95.5
509,0.9,152
510,0.432610836927505,0
510,0.677437021218035,76
510,0.895589799036742,95.5
510,0.9,152
511,0.401379679464284,0
511,0.640895411429682,76
511,0.870522175341223,95.5
511,0.9,152
512,0.33554443386607,0
512,0.557503816362063,76
512,0.80322311489422,95.5
512,0.9,152
513,0.40137967946432,0
513,0.640895411429686,76
513,0.870522175341224,95.5
513,0.9,152
514,0.490186893754338,0
514,0.739446482747366,76
514,0.9,95.5
514,0.9,152
515,0.36947075499994,0
515,0.601393062412423,76
515,0.840259563736677,95.5
515,0.9,152
516,0.250520796511023,0
516,0.43744327795443,76
516,0.68229605646963,95.5
516,0.9,152
517,0.429165214655805,0
517,0.673516366226885,76
517,0.893038387178247,95.5
517,0.9,152
518,0.506151984579372,0
518,0.755469827391238,76
518,0.9,95.5
518,0.9,152
519,0.428291759768454,0
519,0.672376837789874,76
519,0.892207384915059,95.5
519,0.9,152
520,0.454836558254162,0
520,0.702014088355249,76
520,0.9,95.5
520,0.9,152
521,0.466067364203593,0
521,0.714130361413339,76
521,0.9,95.5
521,0.9,152
522,0.299280428151053,0
522,0.508056336803656,76
522,0.756894846506937,95.5
522,0.9,152
523,0.278984343431006,0
523,0.479238941130058,76
523,0.727649105076548,95.5
523,0.9,152
524,0.278661535448021,0
524,0.478773975897295,76
524,0.727163678346359,95.5
524,0.9,152
525,0.457126469396068,0
525,0.704504951672782,76
525,0.9,95.5
525,0.9,152
526,0.47961402834543,0
526,0.728555178167646,76
526,0.9,95.5
526,0.9,152
527,0.49373478678701,0
527,0.743051263008258,76
527,0.9,95.5
527,0.9,152
528,0.370854341525656,0
528,0.603439464074139,76
528,0.842140841183594,95.5
528,0.9,152
529,0.248859546762466,0
529,0.434954088914426,76
529,0.679485408684306,95.5
529,0.9,152
530,0.49161495825717,0
530,0.740900464428465,76
530,0.9,95.5
530,0.9,152
531,0.4375318041495,0
531,0.682852734661764,76
531,0.898983926093938,95.5
531,0.9,152
532,0.465552772644362,0
532,0.713724922265102,76
532,0.9,95.5
532,0.9,152
533,0.432610836927505,0
533,0.677437021218035,76
533,0.895589799036742,95.5
533,0.9,152
534,0.444622182200081,0
534,0.690776023856924,76
534,0.9,95.5
534,0.9,152
535,0.314119803088036,0
535,0.528606954945499,76
535,0.776740789972935,95.5
535,0.9,152
536,0.321554386153319,0
536,0.538738031767398,76
536,0.786214820753273,95.5
536,0.9,152
537,0.457724310921907,0
537,0.705153536063547,76
537,0.9,95.5
537,0.9,152
538,0.426465413491723,0
538,0.670286070960004,76
538,0.89082865318414,95.5
538,0.9,152
539,0.462403962356106,0
539,0.710205762208449,76
539,0.9,95.5
539,0.9,152
540,0.513894167727859,0
540,0.763057186395773,76
540,0.9,95.5
540,0.9,152
541,0.260660384497509,0
541,0.452517145102833,76
541,0.69905344609866,95.5
541,0.9,152
542,0.351610340238729,0
542,0.57857336123261,76
542,0.821482556493004,95.5
542,0.9,152
543,0.368431256261289,0
543,0.600082334447587,76
543,0.839209178124867,95.5
543,0.9,152
544,0.393130027387373,0
544,0.630955909424274,76
544,0.863264039963405,95.5
544,0.9,152
545,0.335911655921513,0
545,0.557991146961641,76
545,0.803655451580498,95.5
545,0.9,152
546,0.35233173508527,0
546,0.57950737417189,76
546,0.822271498623075,95.5
546,0.9,152
547,0.303455403866247,0
547,0.513882464566721,76
547,0.762606639048175,95.5
547,0.9,152
548,0.368431256268881,0
548,0.600082334449122,76
548,0.839209178124899,95.5
548,0.9,152
549,0.436110029629356,0
549,0.681251879144221,76
549,0.897962591763449,95.5
549,0.9,152
550,0.483593815211325,0
550,0.732681001932048,76
550,0.9,95.5
550,0.9,152
551,0.401640239753447,0
551,0.641207134163646,76
551,0.870746611292339,95.5
551,0.9,152
552,0.425361191711786,0
552,0.669018752847282,76
552,0.889988679060434,95.5
552,0.9,152
553,0.284091212322363,0
553,0.486567153040425,76
553,0.735242979898717,95.5
553,0.9,152
554,0.505267018247867,0
554,0.754594943052785,76
554,0.9,95.5
554,0.9,152
555,0.358588225721685,0
555,0.587564389485864,76
555,0.829004824446957,95.5
555,0.9,152
556,0.331464503027952,0
556,0.55207138553691,76
556,0.798371656361586,95.5
556,0.9,152
557,0.490043426163313,0
557,0.739300186555759,76
557,0.9,95.5
557,0.9,152
558,0.290939733541535,0
558,0.496313074205004,76
558,0.745176609139291,95.5
558,0.9,152
559,0.357937616055042,0
559,0.586730175065044,76
559,0.828313675335512,95.5
559,0.9,152
560,0.318740298919066,0
560,0.534916230884309,76
560,0.782664907586948,95.5
560,0.9,152
561,0.460121998671909,0
561,0.707891558512729,76
561,0.9,95.5
561,0.9,152
562,0.469103122722182,0
562,0.717362293870028,76
562,0.9,95.5
562,0.9,152
563,0.305771382734465,0
563,0.517099418845396,76
563,0.765731491044573,95.5
563,0.9,152
564,0.260660384497509,0
564,0.452517145102833,76
564,0.69905344609866,95.5
564,0.9,152
565,0.4685552470622,0
565,0.716924718215866,76
565,0.9,95.5
565,0.9,152
566,0.50714193213243,0
566,0.75644664565732,76
566,0.9,95.5
566,0.9,152
567,0.362450921186749,0
567,0.592499797670934,76
567,0.833065409257679,95.5
567,0.9,152
568,0.448470903845355,0
568,0.695034888260164,76
568,0.9,95.5
568,0.9,152
569,0.509645067199147,0
569,0.758907861452528,76
569,0.9,95.5
569,0.9,152
570,0.368069666762152,0
570,0.599930078800821,76
570,0.839338069837808,95.5
570,0.9,152
571,0.46251193805676,0
571,0.710321819172027,76
571,0.9,95.5
571,0.9,152
572,0.389014195674279,0
572,0.625946261136178,76
572,0.859530997370139,95.5
572,0.9,152
573,0.351899186341811,0
573,0.578947463885768,76
573,0.821798762520913,95.5
573,0.9,152
574,0.434837162696058,0
574,0.679815267895284,76
574,0.897041679288187,95.5
574,0.9,152
575,0.297960323132169,0
575,0.50620692453335,76
575,0.755067592952092,95.5
575,0.9,152
576,0.457126469398452,0
576,0.704504951673011,76
576,0.9,95.5
576,0.9,152
577,0.395560057872818,0
577,0.633897802086667,76
577,0.865432875727618,95.5
577,0.9,152
578,0.307810814363734,0
578,0.519923398852184,76
578,0.768457628957989,95.5
578,0.9,152
579,0.460776501233623,0
579,0.708453680964441,76
579,0.9,95.5
579,0.9,152
580,0.454957800965771,0
580,0.702146232883577,76
580,0.9,95.5
580,0.9,152
581,0.365602579256119,0
581,0.596808016985428,76
581,0.836823957052725,95.5
581,0.9,152
582,0.489612297413903,0
582,0.738860310604947,76
582,0.9,95.5
582,0.9,152
583,0.473062556820917,0
583,0.721694484868728,76
583,0.9,95.5
583,0.9,152
584,0.464016818661804,0
584,0.711936910582462,76
584,0.9,95.5
584,0.9,152
585,0.469878199602726,0
585,0.718184512651499,76
585,0.9,95.5
585,0.9,152
586,0.508452672718876,0
586,0.757736994554502,76
586,0.9,95.5
586,0.9,152
587,0.365602579256101,0
587,0.596808016985426,76
587,0.836823957052725,95.5
587,0.9,152
588,0.436743255386609,0
588,0.681965361227684,76
588,0.8984184215125,95.5
588,0.9,152
589,0.461320624623137,0
589,0.709040057309847,76
589,0.9,95.5
589,0.9,152
590,0.359495776977716,0
590,0.588726647648151,76
590,0.829965443315777,95.5
590,0.9,152
591,0.451738724251564,0
591,0.698771312792663,76
591,0.9,95.5
591,0.9,152
592,0.248859546762466,0
592,0.434954088914426,76
592,0.679485408684306,95.5
592,0.9,152
593,0.482442463733716,0
593,0.731490650159479,76
593,0.9,95.5
593,0.9,152
594,0.461320624623137,0
594,0.709040057309847,76
594,0.9,95.5
594,0.9,152
595,0.358977646749035,0
595,0.588063303531431,76
595,0.829417512517249,95.5
595,0.9,152
596,0.489468345273304,0
596,0.738713355236746,76
596,0.9,95.5
596,0.9,152
597,0.353767355201041,0
597,0.581363034480714,76
597,0.823833773413601,95.5
597,0.9,152
598,0.444761022618833,0
598,0.690930173396651,76
598,0.9,95.5
598,0.9,152
599,0.457724310921921,0
599,0.705153536063548,76
599,0.9,95.5
599,0.9,152
600,0.435315494427979,0
600,0.680355512099713,76
600,0.897388476997027,95.5
600,0.9,152
601,0.478604657333845,0
601,0.72750374567521,76
601,0.9,95.5
601,0.9,152
602,0.472092441143909,0
602,0.720671302827642,76
602,0.9,95.5
602,0.9,152
603,0.469974846421023,0
603,0.718286953759313,76
603,0.9,95.5
603,0.9,152
604,0.439877781308263,0
604,0.685485390433817,76
604,0.9,95.5
604,0.9,152
605,0.382292451664288,0
605,0.61769216832562,76
605,0.853270898106541,95.5
605,0.9,152
606,0.370854341525656,0
606,0.603439464074139,76
606,0.842140841183594,95.5
606,0.9,152
607,0.316551706785714,0
607,0.531933012352444,76
607,0.779873690006672,95.5
607,0.9,152
608,0.368547009175469,0
608,0.60022839641558,76
608,0.839326398451753,95.5
608,0.9,152
609,0.391219661024851,0
609,0.628634877408641,76
609,0.861540710927583,95.5
609,0.9,152
610,0.517845345617198,0
610,0.766883266964614,76
610,0.9,95.5
610,0.9,152
611,0.430998946260707,0
611,0.675463739443701,76
611,0.894227021540583,95.5
611,0.9,152
612,0.488312337420253,0
612,0.737531731066082,76
612,0.9,95.5
612,0.9,152
613,0.427563311383413,0
613,0.671543721038993,76
613,0.891659043667452,95.5
613,0.9,152
614,0.473642071577623,0
614,0.722304803980699,76
614,0.9,95.5
614,0.9,152
615,0.515159501802356,0
615,0.764285848771902,76
615,0.9,95.5
615,0.9,152
616,0.456286169317992,0
616,0.703592124957081,76
616,0.9,95.5
616,0.9,152
617,0.455562806982173,0
617,0.702805201395129,76
617,0.9,95.5
617,0.9,152
618,0.513404863191724,0
618,0.762581206456795,76
618,0.9,95.5
618,0.9,152
619,0.481615350701865,0
619,0.730633887715823,76
619,0.9,95.5
619,0.9,152
620,0.492607510763462,0
620,0.741908633827634,76
620,0.9,95.5
620,0.9,152
621,0.429198432248349,0
621,0.673412309225255,76
621,0.892886977027047,95.5
621,0.9,152
622,0.246767413257864,0
622,0.43181145315081,76
622,0.675919338006018,95.5
622,0.9,152
623,0.245925665961411,0
623,0.430544589048534,76
623,0.674476227010943,95.5
623,0.9,152
624,0.509320727282058,0
624,0.758589658014058,76
624,0.9,95.5
624,0.9,152
625,0.460230730479086,0
625,0.707864936377927,76
625,0.9,95.5
625,0.9,152
626,0.464540609844048,0
626,0.712642187477734,76
626,0.9,95.5
626,0.9,152
627,0.502602161229287,0
627,0.751951010019999,76
627,0.9,95.5
627,0.9,152
628,0.314119803088077,0
628,0.528606954945507,76
628,0.776740789972935,95.5
628,0.9,152
629,0.366453700639644,0
629,0.59758284903939,76
629,0.837196644876899,95.5
629,0.9,152
630,0.455683567299419,0
630,0.702936645357475,76
630,0.9,95.5
630,0.9,152
631,0.508343842509658,0
631,0.757629987926613,76
631,0.9,95.5
631,0.9,152
632,0.515159501800323,0
632,0.764285848771792,76
632,0.9,95.5
632,0.9,152
633,0.434156583464119,0
633,0.679188177454505,76
633,0.896719450655127,95.5
633,0.9,152
634,0.257862732165587,0
634,0.448378505808804,76
634,0.694497572886972,95.5
634,0.9,152
635,0.464540609845954,0
635,0.712642187477904,76
635,0.9,95.5
635,0.9,152
636,0.474219683170806,0
636,0.722912452112116,76
636,0.9,95.5
636,0.9,152
637,0.498021834620601,0
637,0.747373547362052,76
637,0.9,95.5
637,0.9,152
638,0.298224939117778,0
638,0.506577918582163,76
638,0.755434688066248,95.5
638,0.9,152
639,0.434837162696058,0
639,0.679815267895284,76
639,0.897041679288187,95.5
639,0.9,152
640,0.368083616579226,0
640,0.59964350745692,76
640,0.838856746443957,95.5
640,0.9,152
641,0.366687315413868,0
641,0.597878526593365,76
641,0.837435368654478,95.5
641,0.9,152
642,0.366102794945938,0
642,0.597138516520815,76
642,0.836837572044786,95.5
642,0.9,152
643,0.401640239751687,0
643,0.641207134163374,76
643,0.870746611292336,95.5
643,0.9,152
644,0.498397922639818,0
644,0.747750977321172,76
644,0.9,95.5
644,0.9,152
645,0.251759547027325,0
645,0.439295824784559,76
645,0.684379851020944,95.5
645,0.9,152
646,0.327118002093751,0
646,0.546247553919459,76
646,0.793105303772196,95.5
646,0.9,152
647,0.314785614611845,0
647,0.529518740333571,76
647,0.777601817557029,95.5
647,0.9,152
648,0.362960710376283,0
648,0.593148941760695,76
648,0.833595871880983,95.5
648,0.9,152
649,0.353767355203861,0
649,0.581363034481357,76
649,0.823833773413619,95.5
649,0.9,152
650,0.34284966712143,0
650,0.567147938461888,76
650,0.81169086746739,95.5
650,0.9,152
651,0.467150503315916,0
651,0.715285602421778,76
651,0.9,95.5
651,0.9,152
652,0.46615732874537,0
652,0.714370655523068,76
652,0.9,95.5
652,0.9,152
653,0.396630765738287,0
653,0.635190307639482,76
653,0.866380273215296,95.5
653,0.9,152
654,0.298489257045803,0
654,0.506948355578956,76
654,0.755800958514989,95.5
654,0.9,152
655,0.359625114029737,0
655,0.588892150004382,76
655,0.830102013510706,95.5
655,0.9,152
656,0.491330302985125,0
656,0.740610967740676,76
656,0.9,95.5
656,0.9,152
657,0.362960710376283,0
657,0.593148941760695,76
657,0.833595871880983,95.5
657,0.9,152
658,0.299017001005533,0
658,0.50768756344166,76
658,0.756531035280892,95.5
658,0.9,152
659,0.481615350700973,0
659,0.730633887715757,76
659,0.9,95.5
659,0.9,152
660,0.377992939314251,0
660,0.612365263918558,76
660,0.849158569825852,95.5
660,0.9,152
661,0.425011224856976,0
661,0.668758196676802,76
661,0.889900653836482,95.5
661,0.9,152
662,0.391219661024851,0
662,0.628634877408641,76
662,0.861540710927583,95.5
662,0.9,152
663,0.512421816806865,0
663,0.761623486434394,76
663,0.9,95.5
663,0.9,152
664,0.320476163536561,0
664,0.537275565160158,76
664,0.784859834248997,95.5
664,0.9,152
665,0.361683945493828,0
665,0.591522188228551,76
665,0.832264946694236,95.5
665,0.9,152
666,0.265383840774583,0
666,0.459469308337725,76
666,0.706629822438681,95.5
666,0.9,152
667,0.500513277576431,0
667,0.749868623437495,76
667,0.9,95.5
667,0.9,152
668,0.327118002090508,0
668,0.546247553918562,76
668,0.793105303772161,95.5
668,0.9,152
669,0.343012579146845,0
669,0.567361798176108,76
669,0.811876538648805,95.5
669,0.9,152
670,0.450755626359415,0
670,0.69769260666121,76
670,0.9,95.5
670,0.9,152
671,0.437815546581715,0
671,0.683314374528787,76
671,0.899356959093205,95.5
671,0.9,152
672,0.447789482350348,0
672,0.694283001890259,76
672,0.9,95.5
672,0.9,152
673,0.484737535824683,0
673,0.73386084618582,76
673,0.9,95.5
673,0.9,152
674,0.282824642719225,0
674,0.484754503976259,76
674,0.733374567149553,95.5
674,0.9,152
675,0.360528292427931,0
675,0.590046947335271,76
675,0.831053414404369,95.5
675,0.9,152
676,0.461211931336751,0
676,0.708922970813896,76
676,0.9,95.5
676,0.9,152
677,0.502968081354326,0
677,0.752314896068871,76
677,0.9,95.5
677,0.9,152
678,0.331838504444413,0
678,0.552570748541654,76
678,0.798820070805244,95.5
678,0.9,152
679,0.274096354315162,0
679,0.47217617812367,76
679,0.720229173411008,95.5
679,0.9,152
680,0.430998946260723,0
680,0.675463739443702,76
680,0.894227021540583,95.5
680,0.9,152
681,0.514382003029371,0
681,0.763531261653087,76
681,0.9,95.5
681,0.9,152
682,0.439917510144715,0
682,0.685672671739882,76
682,0.9,95.5
682,0.9,152
683,0.31721049075513,0
683,0.532831988640096,76
683,0.780716674828237,95.5
683,0.9,152
684,0.517934320491006,0
684,0.766969066277506,76
684,0.9,95.5
684,0.9,152
685,0.41397908019886,0
685,0.655813801535738,76
685,0.88104538525232,95.5
685,0.9,152
686,0.492182841694638,0
686,0.741477523527735,76
686,0.9,95.5
686,0.9,152
687,0.331089874976598,0
687,0.551570906638921,76
687,0.797921741021718,95.5
687,0.9,152
688,0.515159501802356,0
688,0.764285848771902,76
688,0.9,95.5
688,0.9,152
689,0.334254359121404,0
689,0.555789664019834,76
689,0.801698637392348,95.5
689,0.9,152
690,0.43972229267053,0
690,0.685311240594631,76
690,0.9,95.5
690,0.9,152
691,0.353767355206825,0
691,0.581363034482022,76
691,0.823833773413635,95.5
691,0.9,152
692,0.252171104976112,0
692,0.439910631996428,76
692,0.685069895036003,95.5
692,0.9,152
693,0.471116960776081,0
693,0.719640569627903,76
693,0.9,95.5
693,0.9,152
694,0.505710094024544,0
694,0.755033166368762,76
694,0.9,95.5
694,0.9,152
695,0.46968474772707,0
695,0.717979406765419,76
695,0.9,95.5
695,0.9,152
696,0.472092441145842,0
696,0.720671302827803,76
696,0.9,95.5
696,0.9,152
697,0.480283702694459,0
697,0.729251636979413,76
697,0.9,95.5
697,0.9,152
698,0.45705319130105,0
698,0.704569240280482,76
698,0.9,95.5
698,0.9,152
699,0.435474669403472,0
699,0.680535188596884,76
699,0.897503686929416,95.5
699,0.9,152
700,0.514674002032031,0
700,0.763814797310541,76
700,0.9,95.5
700,0.9,152
701,0.453497541660291,0
701,0.70055272186924,76
701,0.9,95.5
701,0.9,152
702,0.374623994205424,0
702,0.608165537633794,76
702,0.84587644632767,95.5
702,0.9,152
703,0.514576727409893,0
703,0.763720361004024,76
703,0.9,95.5
703,0.9,152
704,0.246346891115811,0
704,0.431178726479469,76
704,0.67519898472619,95.5
704,0.9,152
705,0.505820677570602,0
705,0.755142477762578,76
705,0.9,95.5
705,0.9,152
706,0.33989644130088,0
706,0.563261984792143,76
706,0.808301227283062,95.5
706,0.9,152
707,0.431988989725481,0
707,0.676731194130847,76
707,0.895132743262107,95.5
707,0.9,152
708,0.334623715874825,0
708,0.556280775500695,76
708,0.802136005140132,95.5
708,0.9,152
709,0.434771362350438,0
709,0.679883327665735,76
709,0.89716618355203,95.5
709,0.9,152
710,0.367851538734127,0
710,0.599350420712219,76
710,0.838621147861633,95.5
710,0.9,152
711,0.258665290582591,0
711,0.44956734523803,76
711,0.695809750778258,95.5
711,0.9,152
712,0.323695572730343,0
712,0.541635405939785,76
712,0.788886671389265,95.5
712,0.9,152
713,0.341378003133676,0
713,0.565213644244461,76
713,0.810007385786649,95.5
713,0.9,152
714,0.433848442526908,0
714,0.678839468951875,76
714,0.896494991767598,95.5
714,0.9,152
715,0.433876851450844,0
715,0.678729282370902,76
715,0.896342788648914,95.5
715,0.9,152
716,0.491757107256963,0
716,0.741044970583331,76
716,0.9,95.5
716,0.9,152
717,0.436299605174052,0
717,0.6816080942194,76
717,0.898270416784488,95.5
717,0.9,152
718,0.350741487220377,0
718,0.57744705395685,76
718,0.820528872150414,95.5
718,0.9,152
719,0.350305753371791,0
719,0.57688163966752,76
719,0.82004916158527,95.5
719,0.9,152
720,0.49090242439349,0
720,0.74017550769771,76
720,0.9,95.5
720,0.9,152
721,0.495272625198011,0
721,0.744605958336593,76
721,0.9,95.5
721,0.9,152
722,0.457291109059767,0
722,0.70482748395187,76
722,0.9,95.5
722,0.9,152
723,0.458476035153033,0
723,0.706111959652389,76
723,0.9,95.5
723,0.9,152
724,0.25866529058722,0
724,0.44956734524011,76
724,0.695809750778472,95.5
724,0.9,152
725,0.4720924411439,0
725,0.720671302827641,76
725,0.9,95.5
725,0.9,152
726,0.366453700634532,0
726,0.597582849038341,76
726,0.837196644876877,95.5
726,0.9,152
727,0.417214200721622,0
727,0.659593298591071,76
727,0.8836407379639,95.5
727,0.9,152
728,0.307556864832155,0
728,0.519572208947666,76
728,0.768119471651785,95.5
728,0.9,152
729,0.426619597187355,0
729,0.67060458354008,76
729,0.891123614108398,95.5
729,0.9,152
730,0.46665898280396,0
730,0.714761652481256,76
730,0.9,95.5
730,0.9,152
731,0.450262094770083,0
731,0.697150351247149,76
731,0.9,95.5
731,0.9,152
732,0.437815546581705,0
732,0.683314374528787,76
732,0.899356959093205,95.5
732,0.9,152
733,0.414630402680508,0
733,0.656576400202943,76
733,0.88157135636869,95.5
733,0.9,152
734,0.30806448559909,0
734,0.520274075697462,76
734,0.768795047086819,95.5
734,0.9,152
735,0.513110572166823,0
735,0.762294699465428,76
735,0.9,95.5
735,0.9,152
736,0.493312937090089,0
736,0.742623964665144,76
736,0.9,95.5
736,0.9,152
737,0.460667479136851,0
737,0.708336121964727,76
737,0.9,95.5
737,0.9,152
738,0.512914082032484,0
738,0.762103310334526,76
738,0.9,95.5
738,0.9,152
739,0.333513802743594,0
739,0.554804172424982,76
739,0.800819540143866,95.5
739,0.9,152
740,0.466658982806062,0
740,0.71476165248144,76
740,0.9,95.5
740,0.9,152
741,0.473834819723015,0
741,0.722507649266324,76
741,0.9,95.5
741,0.9,152
742,0.460589530547017,0
742,0.70839606359292,76
742,0.9,95.5
742,0.9,152
743,0.42883627974119,0
743,0.67299890708503,76
743,0.892615913519923,95.5
743,0.9,152
744,0.395291491414252,0
744,0.633573243400005,76
744,0.865194451988794,95.5
744,0.9,152
745,0.468714311039834,0
745,0.71694938268521,76
745,0.9,95.5
745,0.9,152
746,0.435384146283651,0
746,0.680575471822135,76
746,0.897610024235829,95.5
746,0.9,152
747,0.430460577081952,0
747,0.674851021519604,76
747,0.893827660815271,95.5
747,0.9,152
748,0.460121998671909,0
748,0.707891558512729,76
748,0.9,95.5
748,0.9,152
749,0.468129493220837,0
749,0.716327748825529,76
749,0.9,95.5
749,0.9,152
750,0.466264788458962,0
750,0.714341102024259,76
750,0.9,95.5
750,0.9,152
751,0.457053191299974,0
751,0.70456924028038,76
751,0.9,95.5
751,0.9,152
752,0.35845826146212,0
752,0.587397816137516,76
752,0.82886692890797,95.5
752,0.9,152
753,0.448470903847909,0
753,0.695034888260427,76
753,0.9,95.5
753,0.9,152
754,0.498523098073509,0
754,0.747876536814842,76
754,0.9,95.5
754,0.9,152
755,0.50296808135355,0
755,0.752314896068823,76
755,0.9,95.5
755,0.9,152
756,0.362960710376283,0
756,0.593148941760695,76
756,0.833595871880983,95.5
756,0.9,152
757,0.335911655921594,0
757,0.557991146961656,76
757,0.803655451580497,95.5
757,0.9,152
758,0.501499545301804,0
758,0.750852908244432,76
758,0.9,95.5
758,0.9,152
759,0.467160390063821,0
759,0.715440428348912,76
759,0.9,95.5
759,0.9,152
760,0.316991107125124,0
760,0.532532713810024,76
760,0.7804362187336,95.5
760,0.9,152
761,0.468714311040889,0
761,0.716949382685301,76
761,0.9,95.5
761,0.9,152
762,0.446143740134368,0
762,0.692463257853749,76
762,0.9,95.5
762,0.9,152
763,0.505931187123102,0
763,0.755251691643996,76
763,0.9,95.5
763,0.9,152
764,0.515353295231461,0
764,0.76447374367121,76
764,0.9,95.5
764,0.9,152
765,0.345924500923094,0
765,0.571175455194452,76
765,0.815172204329037,95.5
765,0.9,152
766,0.428291759766967,0
766,0.672376837789691,76
766,0.892207384915057,95.5
766,0.9,152
767,0.515740187813962,0
767,0.764848636239944,76
767,0.9,95.5
767,0.9,152
768,0.464743501349215,0
768,0.712859389150257,76
768,0.9,95.5
768,0.9,152
769,0.262244948445017,0
769,0.454854318442868,76
769,0.701611191937292,95.5
769,0.9,152
770,0.484737535824683,0
770,0.73386084618582,76
770,0.9,95.5
770,0.9,152
771,0.341378003133676,0
771,0.565213644244461,76
771,0.810007385786649,95.5
771,0.9,152
772,0.254626313870116,0
772,0.443571346817869,76
772,0.689163031721684,95.5
772,0.9,152
773,0.468129493220837,0
773,0.716327748825529,76
773,0.9,95.5
773,0.9,152
774,0.498523098073509,0
774,0.747876536814842,76
774,0.9,95.5
774,0.9,152
775,0.285978585921207,0
775,0.489262338585654,76
775,0.738008988391463,95.5
775,0.9,152
776,0.485062923332852,0
776,0.734196034037037,76
776,0.9,95.5
776,0.9,152
777,0.448524223670655,0
777,0.695237041191955,76
777,0.9,95.5
777,0.9,152
778,0.24380892607301,0
778,0.427352574422094,76
778,0.670825994854127,95.5
778,0.9,152
779,0.369931115605023,0
779,0.601972854322664,76
779,0.840723100759381,95.5
779,0.9,152
780,0.444065780145678,0
780,0.690157884974214,76
780,0.9,95.5
780,0.9,152
781,0.468555247061214,0
781,0.716924718215782,76
781,0.9,95.5
781,0.9,152
782,0.45736584250742,0
782,0.704764727539672,76
782,0.9,95.5
782,0.9,152
783,0.515546857082835,0
783,0.764661339255738,76
783,0.9,95.5
783,0.9,152
784,0.484574611167534,0
784,0.733692935047832,76
784,0.9,95.5
784,0.9,152
785,0.379325392146183,0
785,0.614020054680921,76
785,0.850442125790202,95.5
785,0.9,152
786,0.314119803088203,0
786,0.528606954945534,76
786,0.776740789972936,95.5
786,0.9,152
787,0.464337488000694,0
787,0.712424656961061,76
787,0.9,95.5
787,0.9,152
788,0.345924500923094,0
788,0.571175455194452,76
788,0.815172204329037,95.5
788,0.9,152
789,0.436743255387967,0
789,0.681965361227839,76
789,0.898418421512501,95.5
789,0.9,152
790,0.447789482351618,0
790,0.69428300189039,76
790,0.9,95.5
790,0.9,152
791,0.445176921702444,0
791,0.691391701260896,76
791,0.9,95.5
791,0.9,152
792,0.485711857883043,0
792,0.734863883197685,76
792,0.9,95.5
792,0.9,152
793,0.424991701966037,0
793,0.668594145730986,76
793,0.889706532482169,95.5
793,0.9,152
794,0.452394634540015,0
794,0.699346354141643,76
794,0.9,95.5
794,0.9,152
795,0.415711143672157,0
795,0.657839916022877,76
795,0.882440255010461,95.5
795,0.9,152
796,0.394483644637131,0
796,0.632596105382968,76
796,0.864475366468044,95.5
796,0.9,152
797,0.459887777476502,0
797,0.707638650771082,76
797,0.9,95.5
797,0.9,152
798,0.359625114029771,0
798,0.588892150004387,76
798,0.830102013510707,95.5
798,0.9,152
799,0.481615350701865,0
799,0.730633887715823,76
799,0.9,95.5
799,0.9,152
800,0.435689793508837,0
800,0.680920422716363,76
800,0.897830867793425,95.5
800,0.9,152
801,0.257862732161014,0
801,0.448378505806732,76
801,0.694497572886756,95.5
801,0.9,152
802,0.429165214656984,0
802,0.673516366227028,76
802,0.893038387178248,95.5
802,0.9,152
803,0.466954057751054,0
803,0.715076253599938,76
803,0.9,95.5
803,0.9,152
804,0.45374173103459,0
804,0.700819490046103,76
804,0.9,95.5
804,0.9,152
805,0.266162342469576,0
805,0.460610872626486,76
805,0.707864696552976,95.5
805,0.9,152
806,0.515546857082835,0
806,0.764661339255738,76
806,0.9,95.5
806,0.9,152
807,0.515546857082856,0
807,0.764661339255739,76
807,0.9,95.5
807,0.9,152
808,0.316991107125124,0
808,0.532532713810024,76
808,0.7804362187336,95.5
808,0.9,152
809,0.424621500522154,0
809,0.668168447780541,76
809,0.88942329907582,95.5
809,0.9,152
810,0.51793432049292,0
810,0.766969066277606,76
810,0.9,95.5
810,0.9,152
811,0.4685552470622,0
811,0.716924718215866,76
811,0.9,95.5
811,0.9,152
812,0.466157328744405,0
812,0.714370655522984,76
812,0.9,95.5
812,0.9,152
813,0.513306825327843,0
813,0.762485780896727,76
813,0.9,95.5
813,0.9,152
814,0.482112092688576,0
814,0.731148600032427,76
814,0.9,95.5
814,0.9,152
815,0.36595678563996,0
815,0.597257005830657,76
815,0.837186714351803,95.5
815,0.9,152
816,0.455078963056313,0
816,0.702278260262621,76
816,0.9,95.5
816,0.9,152
817,0.453375324463046,0
817,0.70041915930094,76
817,0.9,95.5
817,0.9,152
818,0.494994057834835,0
818,0.744324687365542,76
818,0.9,95.5
818,0.9,152
819,0.507907799593454,0
819,0.757201014454,76
819,0.9,95.5
819,0.9,152
820,0.44127139455901,0
820,0.68704410821251,76
820,0.9,95.5
820,0.9,152
821,0.341213875955081,0
821,0.564997654995942,76
821,0.809818939866588,95.5
821,0.9,152
822,0.454715234829552,0
822,0.701881826521402,76
822,0.9,95.5
822,0.9,152
823,0.507141932133167,0
823,0.756446645657362,76
823,0.9,95.5
823,0.9,152
824,0.519439416549708,0
824,0.768418051600649,76
824,0.9,95.5
824,0.9,152
825,0.422759737431527,0
825,0.666023447442979,76
825,0.887990632738544,95.5
825,0.9,152
826,0.519351270403122,0
826,0.768333316163986,76
826,0.9,95.5
826,0.9,152
827,0.359754373026938,0
827,0.589057519211371,76
827,0.830238419233546,95.5
827,0.9,152
828,0.495133399008638,0
828,0.744465400250922,76
828,0.9,95.5
828,0.9,152
829,0.515740187814643,0
829,0.764848636239982,76
829,0.9,95.5
829,0.9,152
830,0.49373478678701,0
830,0.743051263008258,76
830,0.9,95.5
830,0.9,152
831,0.519439416550356,0
831,0.768418051600683,76
831,0.9,95.5
831,0.9,152
832,0.464016818661804,0
832,0.711936910582462,76
832,0.9,95.5
832,0.9,152
833,0.33973120751115,0
833,0.563044051649299,76
833,0.808110236629134,95.5
833,0.9,152
834,0.509860937771857,0
834,0.759119531460034,76
834,0.9,95.5
834,0.9,152
835,0.308064485599136,0
835,0.520274075697471,76
835,0.768795047086817,95.5
835,0.9,152
836,0.425011224855833,0
836,0.668758196676658,76
836,0.889900653836482,95.5
836,0.9,152
837,0.502602161229287,0
837,0.751951010019999,76
837,0.9,95.5
837,0.9,152
838,0.465552772644362,0
838,0.713724922265102,76
838,0.9,95.5
838,0.9,152
839,0.275081880423841,0
839,0.473604015336811,76
839,0.721737221669803,95.5
839,0.9,152
840,0.478266896091208,0
840,0.727151455753511,76
840,0.9,95.5
840,0.9,152
841,0.520930539717023,0
841,0.769849128708172,76
841,0.9,95.5
841,0.9,152
842,0.448524223669613,0
842,0.695237041191847,76
842,0.9,95.5
842,0.9,152
843,0.365602579256101,0
843,0.596808016985426,76
843,0.836823957052725,95.5
843,0.9,152
844,0.519791518100807,0
844,0.768756374388702,76
844,0.9,95.5
844,0.9,152
845,0.35884791828982,0
845,0.587897133021125,76
845,0.829280115983614,95.5
845,0.9,152
846,0.512618901464523,0
846,0.761815648073781,76
846,0.9,95.5
846,0.9,152
847,0.354766647320158,0
847,0.58265228162488,76
847,0.82491514149895,95.5
847,0.9,152
848,0.446968442555239,0
848,0.693375829788906,76
848,0.9,95.5
848,0.9,152
849,0.508343842509658,0
849,0.757629987926613,76
849,0.9,95.5
849,0.9,152
850,0.39743008272653,0
850,0.636153713517204,76
850,0.867084270924708,95.5
850,0.9,152
851,0.463588139325643,0
851,0.711477296558659,76
851,0.9,95.5
851,0.9,152
852,0.460776501231384,0
852,0.708453680964236,76
852,0.9,95.5
852,0.9,152
853,0.266550669150836,0
853,0.461179848503263,76
853,0.70847921182449,95.5
853,0.9,152
854,0.456045368068211,0
854,0.703330280544495,76
854,0.9,95.5
854,0.9,152
855,0.446693950051022,0
855,0.693072241501697,76
855,0.9,95.5
855,0.9,152
856,0.30806448559909,0
856,0.520274075697462,76
856,0.768795047086819,95.5
856,0.9,152
857,0.371544791408703,0
857,0.604307211418293,76
857,0.842830074211414,95.5
857,0.9,152
858,0.458947842284577,0
858,0.706622625230751,76
858,0.9,95.5
858,0.9,152
859,0.432610836927505,0
859,0.677437021218035,76
859,0.895589799036742,95.5
859,0.9,152
860,0.490330240633191,0
860,0.739592614837862,76
860,0.9,95.5
860,0.9,152
861,0.299543559470451,0
861,0.50842455810717,76
861,0.757257842885492,95.5
861,0.9,152
862,0.445591890252874,0
862,0.691851852799911,76
862,0.9,95.5
862,0.9,152
863,0.344958152031928,0
863,0.569911728638048,76
863,0.81408333783804,95.5
863,0.9,152
864,0.378326854851637,0
864,0.612780290403682,76
864,0.849481003515501,95.5
864,0.9,152
865,0.458947842283517,0
865,0.706622625230653,76
865,0.9,95.5
865,0.9,152
866,0.462727694987416,0
866,0.710553654450598,76
866,0.9,95.5
866,0.9,152
867,0.352907126463174,0
867,0.580251608909156,76
867,0.822898892821566,95.5
867,0.9,152
868,0.46881159380497,0
868,0.717052723545857,76
868,0.9,95.5
868,0.9,152
869,0.246767413248848,0
869,0.431811453146413,76
869,0.675919338005486,95.5
869,0.9,152
870,0.460011959056059,0
870,0.707628772219889,76
870,0.9,95.5
870,0.9,152
871,0.321769417439335,0
871,0.539029416459925,76
871,0.78648428162227,95.5
871,0.9,152
872,0.446968442555239,0
872,0.693375829788906,76
872,0.9,95.5
872,0.9,152
873,0.399282902495082,0
873,0.638381993486924,76
873,0.868705452936151,95.5
873,0.9,152
874,0.316111460087617,0
874,0.531331770234901,76
874,0.779308996681358,95.5
874,0.9,152
875,0.470921216580919,0
875,0.719433509487139,76
875,0.9,95.5
875,0.9,152
876,0.370854341529537,0
876,0.603439464074908,76
876,0.84214084118361,95.5
876,0.9,152
877,0.515546857082856,0
877,0.764661339255739,76
877,0.9,95.5
877,0.9,152
878,0.507141932133173,0
878,0.756446645657363,76
878,0.9,95.5
878,0.9,152
879,0.509212471246802,0
879,0.758483403462086,76
879,0.9,95.5
879,0.9,152
880,0.455804247525817,0
880,0.70306797310035,76
880,0.9,95.5
880,0.9,152
881,0.366453700637088,0
881,0.597582849038865,76
881,0.837196644876888,95.5
881,0.9,152
882,0.413543658690816,0
882,0.655303518069218,76
882,0.880692788795236,95.5
882,0.9,152
883,0.481615350701882,0
883,0.730633887715824,76
883,0.9,95.5
883,0.9,152
884,0.457604900169413,0
884,0.705024047058857,76
884,0.9,95.5
884,0.9,152
885,0.506151984579372,0
885,0.755469827391238,76
885,0.9,95.5
885,0.9,152
886,0.296366336804086,0
886,0.503969191564264,76
886,0.752847564903526,95.5
886,0.9,152
887,0.508343842509658,0
887,0.757629987926613,76
887,0.9,95.5
887,0.9,152
888,0.477928479218143,0
888,0.726798253754624,76
888,0.9,95.5
888,0.9,152
889,0.314119803088077,0
889,0.528606954945507,76
889,0.776740789972935,95.5
889,0.9,152
890,0.353767355201041,0
890,0.581363034480714,76
890,0.823833773413601,95.5
890,0.9,152
891,0.368431256266383,0
891,0.600082334448615,76
891,0.839209178124889,95.5
891,0.9,152
892,0.307302636491163,0
892,0.519220504855884,76
892,0.767780573007487,95.5
892,0.9,152
893,0.314119803091703,0
893,0.528606954946601,76
893,0.776740789972986,95.5
893,0.9,152
894,0.517934320492915,0
894,0.766969066277606,76
894,0.9,95.5
894,0.9,152
895,0.36841976926651,0
895,0.60037214501171,76
895,0.839692480378653,95.5
895,0.9,152
896,0.389291186874126,0
896,0.626284465240033,76
896,0.859784595838636,95.5
896,0.9,152
897,0.283775197166029,0
897,0.486115187506118,76
897,0.734777722253603,95.5
897,0.9,152
898,0.469544909506825,0
898,0.717975480212014,76
898,0.9,95.5
898,0.9,152
899,0.482442463733716,0
899,0.731490650159479,76
899,0.9,95.5
899,0.9,152
900,0.520055088308602,0
900,0.769009468469934,76
900,0.9,95.5
900,0.9,152
901,0.49090242439349,0
901,0.74017550769771,76
901,0.9,95.5
901,0.9,152
902,0.455078963056313,0
902,0.702278260262621,76
902,0.9,95.5
902,0.9,152
903,0.335728120770815,0
903,0.557747615913983,76
903,0.803439461536625,95.5
903,0.9,152
904,0.460667479134625,0
904,0.708336121964519,76
904,0.9,95.5
904,0.9,152
905,0.367851538729071,0
905,0.599350420711191,76
905,0.838621147861611,95.5
905,0.9,152
906,0.453130644590198,0
906,0.700151676407573,76
906,0.9,95.5
906,0.9,152
907,0.316771512580229,0
907,0.532233055293237,76
907,0.780155224252704,95.5
907,0.9,152
908,0.350596339692407,0
908,0.577258750504297,76
908,0.820369181984556,95.5
908,0.9,152
909,0.50714193213243,0
909,0.75644664565732,76
909,0.9,95.5
909,0.9,152
910,0.50296808135355,0
910,0.752314896068823,76
910,0.9,95.5
910,0.9,152
911,0.489180076126747,0
911,0.738418947749631,76
911,0.9,95.5
911,0.9,152
912,0.4375318041495,0
912,0.682852734661764,76
912,0.898983926093938,95.5
912,0.9,152
913,0.299543559470451,0
913,0.50842455810717,76
913,0.757257842885492,95.5
913,0.9,152
914,0.314785614611845,0
914,0.529518740333571,76
914,0.777601817557029,95.5
914,0.9,152
915,0.465552772644362,0
915,0.713724922265102,76
915,0.9,95.5
915,0.9,152
916,0.45561909965587,0
916,0.703010238910029,76
916,0.9,95.5
916,0.9,152
917,0.437815546581695,0
917,0.683314374528786,76
917,0.899356959093206,95.5
917,0.9,152
918,0.51261890146588,0
918,0.761815648073857,76
918,0.9,95.5
918,0.9,152
919,0.441996124627691,0
919,0.687996105000393,76
919,0.9,95.5
919,0.9,152
920,0.515546857082863,0
920,0.76466133925574,76
920,0.9,95.5
920,0.9,152
921,0.446968442555225,0
921,0.693375829788903,76
921,0.9,95.5
921,0.9,152
922,0.459792922189061,0
922,0.707392225919302,76
922,0.9,95.5
922,0.9,152
923,0.517221142689203,0
923,0.766280898145468,76
923,0.9,95.5
923,0.9,152
924,0.50714193213243,0
924,0.75644664565732,76
924,0.9,95.5
924,0.9,152
925,0.51447939442891,0
925,0.763625849148463,76
925,0.9,95.5
925,0.9,152
926,0.34943165637287,0
926,0.57574625945193,76
926,0.819083952394137,95.5
926,0.9,152
927,0.365868534762191,0
927,0.596841749312271,76
927,0.836597529786895,95.5
927,0.9,152
928,0.428836279744181,0
928,0.672998907085395,76
928,0.892615913519926,95.5
928,0.9,152
929,0.439877781308263,0
929,0.685485390433817,76
929,0.9,95.5
929,0.9,152
930,0.455138543925233,0
930,0.702486908934333,76
930,0.9,95.5
930,0.9,152
931,0.44517692170243,0
931,0.691391701260895,76
931,0.9,95.5
931,0.9,152
932,0.445591890251584,0
932,0.691851852799776,76
932,0.9,95.5
932,0.9,152
933,0.346566370618851,0
933,0.572013821850998,76
933,0.81589280960224,95.5
933,0.9,152
934,0.46744476605424,0
934,0.715599049464803,76
934,0.9,95.5
934,0.9,152
935,0.304487576318705,0
935,0.515317497884184,76
935,0.764003133679131,95.5
935,0.9,152
936,0.448062353044456,0
936,0.694584200903176,76
936,0.9,95.5
936,0.9,152
937,0.512421816807537,0
937,0.761623486434432,76
937,0.9,95.5
937,0.9,152
938,0.350451095114141,0
938,0.577070279149846,76
938,0.820209278589451,95.5
938,0.9,152
939,0.47383481972402,0
939,0.722507649266404,76
939,0.9,95.5
939,0.9,152
940,0.407793633610014,0
940,0.648529437547501,76
940,0.875962692564535,95.5
940,0.9,152
941,0.422946725209001,0
941,0.666239194570338,76
941,0.888135148544091,95.5
941,0.9,152
942,0.507141932133194,0
942,0.756446645657363,76
942,0.9,95.5
942,0.9,152
943,0.430280781754644,0
943,0.674646267754816,76
943,0.893694037853535,95.5
943,0.9,152
944,0.513502841990834,0
944,0.762676555369829,76
944,0.9,95.5
944,0.9,152
945,0.245925665966013,0
945,0.43054458905078,76
945,0.674476227011215,95.5
945,0.9,152
946,0.417641525198131,0
946,0.660090969206732,76
946,0.883980356437813,95.5
946,0.9,152
947,0.341378003133676,0
947,0.565213644244461,76
947,0.810007385786649,95.5
947,0.9,152
948,0.398755265644293,0
948,0.637748131950526,76
948,0.86824529791884,95.5
948,0.9,152
949,0.491899137385852,0
949,0.741189315638748,76
949,0.9,95.5
949,0.9,152
950,0.437815546581695,0
950,0.683314374528786,76
950,0.899356959093206,95.5
950,0.9,152
951,0.462511938056735,0
951,0.710321819172025,76
951,0.9,95.5
951,0.9,152
952,0.499893887176497,0
952,0.749249486366841,76
952,0.9,95.5
952,0.9,152
953,0.318304257033237,0
953,0.534322633220057,76
953,0.782110927463766,95.5
953,0.9,152
954,0.44887855133473,0
954,0.695484247462407,76
954,0.9,95.5
954,0.9,152
955,0.323055339520587,0
955,0.540770022816909,76
955,0.788090399744895,95.5
955,0.9,152
956,0.501499545301804,0
956,0.750852908244432,76
956,0.9,95.5
956,0.9,152
957,0.361427673310597,0
957,0.591195275213927,76
957,0.831996846072673,95.5
957,0.9,152
958,0.4372167811405,0
958,0.682498380175505,76
958,0.898758292302086,95.5
958,0.9,152
959,0.307810814363734,0
959,0.519923398852184,76
959,0.768457628957989,95.5
959,0.9,152
960,0.3678515387316,0
960,0.599350420711706,76
960,0.838621147861623,95.5
960,0.9,152
961,0.345441859656458,0
961,0.570544521584131,76
961,0.814628970326306,95.5
961,0.9,152
962,0.498523098073509,0
962,0.747876536814842,76
962,0.9,95.5
962,0.9,152
963,0.469684747654028,0
963,0.71797940675375,76
963,0.9,95.5
963,0.9,152
964,0.498523098071971,0
964,0.747876536814742,76
964,0.9,95.5
964,0.9,152
965,0.463802607134816,0
965,0.7117072867566,76
965,0.9,95.5
965,0.9,152
966,0.515546857082856,0
966,0.764661339255739,76
966,0.9,95.5
966,0.9,152
967,0.464016818661852,0
967,0.711936910582466,76
967,0.9,95.5
967,0.9,152
968,0.340556142279652,0
968,0.564131547789847,76
968,0.809062345537237,95.5
968,0.9,152
969,0.412450855913946,0
969,0.654021165085617,76
969,0.879804408297476,95.5
969,0.9,152
970,0.24969154684584,0
970,0.436201430885915,76
970,0.680895374278056,95.5
970,0.9,152
971,0.451738724252621,0
971,0.698771312792768,76
971,0.9,95.5
971,0.9,152
972,0.441579680189935,0
972,0.687388394122222,76
972,0.9,95.5
972,0.9,152
973,0.466560515862292,0
973,0.714656630998368,76
973,0.9,95.5
973,0.9,152
974,0.460121998669773,0
974,0.707891558512532,76
974,0.9,95.5
974,0.9,152
975,0.399282902493312,0
975,0.638381993486644,76
975,0.868705452936148,95.5
975,0.9,152
976,0.435474669403456,0
976,0.680535188596884,76
976,0.897503686929416,95.5
976,0.9,152
977,0.329018140826859,0
977,0.548798157887585,76
977,0.795420076575348,95.5
977,0.9,152
978,0.46968474772707,0
978,0.717979406765419,76
978,0.9,95.5
978,0.9,152
979,0.426465413491694,0
979,0.67028607096,76
979,0.89082865318414,95.5
979,0.9,152
980,0.330526754104984,0
980,0.550818087790755,76
980,0.797244039152291,95.5
980,0.9,152
981,0.450262094770083,0
981,0.697150351247149,76
981,0.9,95.5
981,0.9,152
982,0.461863108926025,0
982,0.709624079675645,76
982,0.9,95.5
982,0.9,152
983,0.31434195517305,0
983,0.528911275828923,76
983,0.777028353920194,95.5
983,0.9,152
984,0.320692217965277,0
984,0.537568799909746,76
984,0.785131860158048,95.5
984,0.9,152
985,0.318522382264139,0
985,0.534619621338716,76
985,0.782388181953436,95.5
985,0.9,152
986,0.449285298831154,0
986,0.695932284371747,76
986,0.9,95.5
986,0.9,152
987,0.461863108923783,0
987,0.70962407967544,76
987,0.9,95.5
987,0.9,152
988,0.328260012404417,0
988,0.547781365002143,76
988,0.794498851848906,95.5
988,0.9,152
989,0.447021459405244,0
989,0.693577714737462,76
989,0.9,95.5
989,0.9,152
990,0.514382003028684,0
990,0.763531261653049,76
990,0.9,95.5
990,0.9,152
991,0.32901814082678,0
991,0.548798157887572,76
991,0.795420076575345,95.5
991,0.9,152
992,0.429379251075123,0
992,0.673618618568767,76
992,0.89302212406284,95.5
992,0.9,152
993,0.370854341525656,0
993,0.603439464074139,76
993,0.842140841183594,95.5
993,0.9,152
994,0.429740375230243,0
994,0.674030456274224,76
994,0.893291651930184,95.5
994,0.9,152
995,0.322841525384486,0
995,0.540480835172841,76
995,0.787823974532925,95.5
995,0.9,152
996,0.380649339963311,0
996,0.615660777085065,76
996,0.851709367923038,95.5
996,0.9,152
997,0.500389583131701,0
997,0.749745040741517,76
997,0.9,95.5
997,0.9,152
998,0.28440681084794,0
998,0.487018324259202,76
998,0.735707014369474,95.5
998,0.9,152
999,0.358718111305359,0
999,0.58773082839303,76
999,0.829142553382753,95.5
999,0.9,152
1000,0.252581986577837,0
1000,0.440524092423548,76
1000,0.685757678540142,95.5
1000,0.9,152
