"simID","Fec 11-60","Fec 61-80","Fec 81-100","Fec 101-120","Fec 121-140","Fec 141-160","Fec 161-180","Fec 181-211","Fec 212+","Surv 11-60","Surv 61-80","Surv 81-100","Surv 101-120","Surv 121-140","Surv 141-160","Surv 161-180","Surv 181-211","Surv 212+"
1,0,0,0,715887.5,871387.5,1026887.5,1182387.5,1765512.5,2037637.5,0.0001,0.5297,0.5297,0.5297,0.5297,0.5297,0.526488888888889,0.531311111111111,0.5313
2,0,0,0,357943.75,435693.75,513443.75,591193.75,882756.25,1018818.75,0.0001,0.508671428571429,0.508671428571429,0.508671428571429,0.508671428571429,0.508671428571429,0.505585714285714,0.5102,0.510185714285714
3,0,0,0,715887.5,871387.5,1026887.5,1182387.5,1765512.5,2037637.5,0.0001,0.560721428571429,0.560721428571429,0.560721428571429,0.560721428571429,0.560721428571429,0.557307142857143,0.562421428571429,0.562407142857143
4,0,0,0,357943.75,435693.75,513443.75,591193.75,882756.25,1018818.75,0.0001,0.55,0.55,0.55,0.55,0.55,0.546663636363636,0.551672727272727,0.551654545454545
5,0,0,0,357943.75,435693.75,513443.75,591193.75,882756.25,1018818.75,0.0001,0.560921428571429,0.560921428571429,0.560921428571429,0.560921428571429,0.560921428571429,0.557521428571429,0.562628571428571,0.562621428571428
6,0,0,0,715887.5,871387.5,1026887.5,1182387.5,1765512.5,2037637.5,0.0001,0.555541666666667,0.555541666666667,0.555541666666667,0.555541666666667,0.555541666666667,0.552166666666667,0.557233333333333,0.557216666666667
7,0,0,0,715887.5,871387.5,1026887.5,1182387.5,1765512.5,2037637.5,0.0001,0.54497,0.54497,0.54497,0.54497,0.54497,0.54167,0.54663,0.54661
8,0,0,0,1073831.25,1307081.25,1540331.25,1773581.25,2648268.75,3056456.25,0.0001,0.536333333333333,0.536333333333333,0.536333333333333,0.536333333333333,0.536333333333333,0.533088888888889,0.537966666666667,0.537966666666667
9,0,0,0,1073831.25,1307081.25,1540331.25,1773581.25,2648268.75,3056456.25,0.0001,0.556216666666667,0.556216666666667,0.556216666666667,0.556216666666667,0.556216666666667,0.552841666666667,0.557908333333333,0.5579
10,0,0,0,357943.75,435693.75,513443.75,591193.75,882756.25,1018818.75,0.0001,0.563366666666667,0.563366666666667,0.563366666666667,0.563366666666667,0.563366666666667,0.559946666666667,0.565086666666667,0.565066666666667
11,0,0,0,1073831.25,1307081.25,1540331.25,1773581.25,2648268.75,3056456.25,0.0001,0.5248625,0.5248625,0.5248625,0.5248625,0.5248625,0.521675,0.5264625,0.5264375
12,0,0,0,357943.75,435693.75,513443.75,591193.75,882756.25,1018818.75,0.0001,0.5631,0.5631,0.5631,0.5631,0.5631,0.55968,0.564806666666667,0.5648
13,0,0,0,715887.5,871387.5,1026887.5,1182387.5,1765512.5,2037637.5,0.0001,0.51675,0.51675,0.51675,0.51675,0.51675,0.5136125,0.5183125,0.5183125
14,0,0,0,715887.5,871387.5,1026887.5,1182387.5,1765512.5,2037637.5,0.0001,0.564866666666667,0.564866666666667,0.564866666666667,0.564866666666667,0.564866666666667,0.561433333333333,0.566586666666667,0.566573333333333
15,0,0,0,357943.75,435693.75,513443.75,591193.75,882756.25,1018818.75,0.0001,0.564006666666667,0.564006666666667,0.564006666666667,0.564006666666667,0.564006666666667,0.560586666666667,0.56572,0.565713333333333
16,0,0,0,1073831.25,1307081.25,1540331.25,1773581.25,2648268.75,3056456.25,0.0001,0.561114285714286,0.561114285714286,0.561114285714286,0.561114285714286,0.561114285714286,0.557707142857143,0.562821428571429,0.562807142857143
17,0,0,0,357943.75,435693.75,513443.75,591193.75,882756.25,1018818.75,0.0001,0.524975,0.524975,0.524975,0.524975,0.524975,0.5217875,0.526575,0.52655
18,0,0,0,1073831.25,1307081.25,1540331.25,1773581.25,2648268.75,3056456.25,0.0001,0.54207,0.54207,0.54207,0.54207,0.54207,0.53878,0.54371,0.5437
19,0,0,0,1073831.25,1307081.25,1540331.25,1773581.25,2648268.75,3056456.25,0.0001,0.562185714285714,0.562185714285714,0.562185714285714,0.562185714285714,0.562185714285714,0.558771428571429,0.563892857142857,0.563885714285714
20,0,0,0,1073831.25,1307081.25,1540331.25,1773581.25,2648268.75,3056456.25,0.0001,0.554825,0.554825,0.554825,0.554825,0.554825,0.551458333333333,0.556516666666667,0.556508333333333
21,0,0,0,1073831.25,1307081.25,1540331.25,1773581.25,2648268.75,3056456.25,0.0001,0.54568,0.54568,0.54568,0.54568,0.54568,0.54237,0.54734,0.54733
22,0,0,0,715887.5,871387.5,1026887.5,1182387.5,1765512.5,2037637.5,0.0001,0.54288,0.54288,0.54288,0.54288,0.54288,0.53959,0.54454,0.54452
23,0,0,0,1073831.25,1307081.25,1540331.25,1773581.25,2648268.75,3056456.25,0.0001,0.551963636363636,0.551963636363636,0.551963636363636,0.551963636363636,0.551963636363636,0.548609090909091,0.553636363636364,0.553627272727273
24,0,0,0,1073831.25,1307081.25,1540331.25,1773581.25,2648268.75,3056456.25,0.0001,0.56332,0.56332,0.56332,0.56332,0.56332,0.559906666666667,0.565026666666667,0.565026666666667
25,0,0,0,357943.75,435693.75,513443.75,591193.75,882756.25,1018818.75,0.0001,0.5613,0.5613,0.5613,0.5613,0.5613,0.557892857142857,0.563007142857143,0.563
26,0,0,0,715887.5,871387.5,1026887.5,1182387.5,1765512.5,2037637.5,0.0001,0.558323076923077,0.558323076923077,0.558323076923077,0.558323076923077,0.558323076923077,0.554930769230769,0.560023076923077,0.560007692307692
27,0,0,0,715887.5,871387.5,1026887.5,1182387.5,1765512.5,2037637.5,0.0001,0.548590909090909,0.548590909090909,0.548590909090909,0.548590909090909,0.548590909090909,0.545272727272727,0.550263636363636,0.550245454545454
28,0,0,0,1073831.25,1307081.25,1540331.25,1773581.25,2648268.75,3056456.25,0.0001,0.502228571428571,0.502228571428571,0.502228571428571,0.502228571428571,0.502228571428571,0.499185714285714,0.503757142857143,0.503742857142857
29,0,0,0,357943.75,435693.75,513443.75,591193.75,882756.25,1018818.75,0.0001,0.558215384615385,0.558215384615385,0.558215384615385,0.558215384615385,0.558215384615385,0.554823076923077,0.559907692307692,0.559907692307692
30,0,0,0,715887.5,871387.5,1026887.5,1182387.5,1765512.5,2037637.5,0.0001,0.54315,0.54315,0.54315,0.54315,0.54315,0.53985,0.5448,0.54478
31,0,0,0,1073831.25,1307081.25,1540331.25,1773581.25,2648268.75,3056456.25,0.0001,0.4965,0.4965,0.4965,0.4965,0.4965,0.4935,0.498028571428571,0.498
32,0,0,0,357943.75,435693.75,513443.75,591193.75,882756.25,1018818.75,0.0001,0.562057142857143,0.562057142857143,0.562057142857143,0.562057142857143,0.562057142857143,0.558642857142857,0.563757142857143,0.56375
33,0,0,0,1073831.25,1307081.25,1540331.25,1773581.25,2648268.75,3056456.25,0.0001,0.556525,0.556525,0.556525,0.556525,0.556525,0.55315,0.558216666666667,0.5582
34,0,0,0,715887.5,871387.5,1026887.5,1182387.5,1765512.5,2037637.5,0.0001,0.5161375,0.5161375,0.5161375,0.5161375,0.5161375,0.5130125,0.517725,0.5177125
35,0,0,0,715887.5,871387.5,1026887.5,1182387.5,1765512.5,2037637.5,0.0001,0.553833333333333,0.553833333333333,0.553833333333333,0.553833333333333,0.553833333333333,0.550475,0.555525,0.555508333333333
36,0,0,0,715887.5,871387.5,1026887.5,1182387.5,1765512.5,2037637.5,0.0001,0.559253846153846,0.559253846153846,0.559253846153846,0.559253846153846,0.559253846153846,0.555861538461538,0.560946153846154,0.560946153846154
37,0,0,0,1073831.25,1307081.25,1540331.25,1773581.25,2648268.75,3056456.25,0.0001,0.558415384615385,0.558415384615385,0.558415384615385,0.558415384615385,0.558415384615385,0.555023076923077,0.560115384615385,0.5601
38,0,0,0,357943.75,435693.75,513443.75,591193.75,882756.25,1018818.75,0.0001,0.532622222222222,0.532622222222222,0.532622222222222,0.532622222222222,0.532622222222222,0.529377777777778,0.534222222222222,0.534222222222222
39,0,0,0,1073831.25,1307081.25,1540331.25,1773581.25,2648268.75,3056456.25,0.0001,0.524175,0.524175,0.524175,0.524175,0.524175,0.5210125,0.5257875,0.5257625
40,0,0,0,715887.5,871387.5,1026887.5,1182387.5,1765512.5,2037637.5,0.0001,0.5535,0.5535,0.5535,0.5535,0.5535,0.55015,0.555191666666667,0.555183333333333
41,0,0,0,715887.5,871387.5,1026887.5,1182387.5,1765512.5,2037637.5,0.0001,0.54242,0.54242,0.54242,0.54242,0.54242,0.53912,0.54406,0.54405
42,0,0,0,1073831.25,1307081.25,1540331.25,1773581.25,2648268.75,3056456.25,0.0001,0.5246625,0.5246625,0.5246625,0.5246625,0.5246625,0.5214875,0.5262625,0.5262375
43,0,0,0,715887.5,871387.5,1026887.5,1182387.5,1765512.5,2037637.5,0.0001,0.509185714285714,0.509185714285714,0.509185714285714,0.509185714285714,0.509185714285714,0.506085714285714,0.510742857142857,0.510714285714286
44,0,0,0,357943.75,435693.75,513443.75,591193.75,882756.25,1018818.75,0.0001,0.53969,0.53969,0.53969,0.53969,0.53969,0.53642,0.54133,0.54133
45,0,0,0,715887.5,871387.5,1026887.5,1182387.5,1765512.5,2037637.5,0.0001,0.5179,0.5179,0.5179,0.5179,0.5179,0.5147375,0.51945,0.51945
46,0,0,0,1073831.25,1307081.25,1540331.25,1773581.25,2648268.75,3056456.25,0.0001,0.533088888888889,0.533088888888889,0.533088888888889,0.533088888888889,0.533088888888889,0.529855555555556,0.5347,0.5347
47,0,0,0,715887.5,871387.5,1026887.5,1182387.5,1765512.5,2037637.5,0.0001,0.5170625,0.5170625,0.5170625,0.5170625,0.5170625,0.5139375,0.51865,0.518625
48,0,0,0,715887.5,871387.5,1026887.5,1182387.5,1765512.5,2037637.5,0.0001,0.551572727272727,0.551572727272727,0.551572727272727,0.551572727272727,0.551572727272727,0.548236363636364,0.553263636363636,0.553236363636364
49,0,0,0,1073831.25,1307081.25,1540331.25,1773581.25,2648268.75,3056456.25,0.0001,0.495971428571429,0.495971428571429,0.495971428571429,0.495971428571429,0.495971428571429,0.492971428571429,0.497471428571429,0.497457142857143
50,0,0,0,715887.5,871387.5,1026887.5,1182387.5,1765512.5,2037637.5,0.0001,0.560338461538462,0.560338461538462,0.560338461538462,0.560338461538462,0.560338461538462,0.556946153846154,0.562046153846154,0.562038461538461
51,0,0,0,715887.5,871387.5,1026887.5,1182387.5,1765512.5,2037637.5,0.0001,0.5195625,0.5195625,0.5195625,0.5195625,0.5195625,0.5164125,0.52115,0.521125
52,0,0,0,715887.5,871387.5,1026887.5,1182387.5,1765512.5,2037637.5,0.0001,0.52305,0.52305,0.52305,0.52305,0.52305,0.519875,0.524625,0.524625
53,0,0,0,715887.5,871387.5,1026887.5,1182387.5,1765512.5,2037637.5,0.0001,0.534155555555556,0.534155555555556,0.534155555555556,0.534155555555556,0.534155555555556,0.530911111111111,0.535766666666667,0.535766666666667
54,0,0,0,357943.75,435693.75,513443.75,591193.75,882756.25,1018818.75,0.0001,0.563926666666667,0.563926666666667,0.563926666666667,0.563926666666667,0.563926666666667,0.560506666666667,0.56564,0.565626666666667
55,0,0,0,1073831.25,1307081.25,1540331.25,1773581.25,2648268.75,3056456.25,0.0001,0.5339,0.5339,0.5339,0.5339,0.5339,0.530666666666667,0.535533333333333,0.535522222222222
56,0,0,0,357943.75,435693.75,513443.75,591193.75,882756.25,1018818.75,0.0001,0.564786666666667,0.564786666666667,0.564786666666667,0.564786666666667,0.564786666666667,0.56136,0.566506666666667,0.566486666666667
57,0,0,0,357943.75,435693.75,513443.75,591193.75,882756.25,1018818.75,0.0001,0.5629,0.5629,0.5629,0.5629,0.5629,0.559485714285714,0.564614285714286,0.564592857142857
58,0,0,0,1073831.25,1307081.25,1540331.25,1773581.25,2648268.75,3056456.25,0.0001,0.547990909090909,0.547990909090909,0.547990909090909,0.547990909090909,0.547990909090909,0.544672727272727,0.549663636363636,0.549654545454545
59,0,0,0,1073831.25,1307081.25,1540331.25,1773581.25,2648268.75,3056456.25,0.0001,0.551490909090909,0.551490909090909,0.551490909090909,0.551490909090909,0.551490909090909,0.548154545454545,0.553181818181818,0.553154545454545
60,0,0,0,357943.75,435693.75,513443.75,591193.75,882756.25,1018818.75,0.0001,0.559984615384615,0.559984615384615,0.559984615384615,0.559984615384615,0.559984615384615,0.556592307692308,0.561692307692308,0.561676923076923
61,0,0,0,1073831.25,1307081.25,1540331.25,1773581.25,2648268.75,3056456.25,0.0001,0.502857142857143,0.502857142857143,0.502857142857143,0.502857142857143,0.502857142857143,0.499814285714286,0.5044,0.504371428571429
62,0,0,0,1073831.25,1307081.25,1540331.25,1773581.25,2648268.75,3056456.25,0.0001,0.562142857142857,0.562142857142857,0.562142857142857,0.562142857142857,0.562142857142857,0.558728571428571,0.563857142857143,0.56385
63,0,0,0,357943.75,435693.75,513443.75,591193.75,882756.25,1018818.75,0.0001,0.563626666666667,0.563626666666667,0.563626666666667,0.563626666666667,0.563626666666667,0.560206666666667,0.56534,0.565333333333333
64,0,0,0,1073831.25,1307081.25,1540331.25,1773581.25,2648268.75,3056456.25,0.0001,0.507457142857143,0.507457142857143,0.507457142857143,0.507457142857143,0.507457142857143,0.504371428571429,0.509,0.508985714285714
65,0,0,0,1073831.25,1307081.25,1540331.25,1773581.25,2648268.75,3056456.25,0.0001,0.563126666666667,0.563126666666667,0.563126666666667,0.563126666666667,0.563126666666667,0.559713333333333,0.56484,0.56484
66,0,0,0,357943.75,435693.75,513443.75,591193.75,882756.25,1018818.75,0.0001,0.5175,0.5175,0.5175,0.5175,0.5175,0.5143625,0.519075,0.519075
67,0,0,0,1073831.25,1307081.25,1540331.25,1773581.25,2648268.75,3056456.25,0.0001,0.4995,0.4995,0.4995,0.4995,0.4995,0.496485714285714,0.501014285714286,0.501014285714286
68,0,0,0,715887.5,871387.5,1026887.5,1182387.5,1765512.5,2037637.5,0.0001,0.559953846153846,0.559953846153846,0.559953846153846,0.559953846153846,0.559953846153846,0.556553846153846,0.561653846153846,0.561646153846154
69,0,0,0,1073831.25,1307081.25,1540331.25,1773581.25,2648268.75,3056456.25,0.0001,0.561742857142857,0.561742857142857,0.561742857142857,0.561742857142857,0.561742857142857,0.558328571428571,0.56345,0.563435714285714
70,0,0,0,1073831.25,1307081.25,1540331.25,1773581.25,2648268.75,3056456.25,0.0001,0.564233333333333,0.564233333333333,0.564233333333333,0.564233333333333,0.564233333333333,0.560806666666667,0.565946666666667,0.565933333333333
71,0,0,0,357943.75,435693.75,513443.75,591193.75,882756.25,1018818.75,0.0001,0.563466666666667,0.563466666666667,0.563466666666667,0.563466666666667,0.563466666666667,0.560046666666667,0.56518,0.565166666666667
72,0,0,0,715887.5,871387.5,1026887.5,1182387.5,1765512.5,2037637.5,0.0001,0.535077777777778,0.535077777777778,0.535077777777778,0.535077777777778,0.535077777777778,0.531833333333333,0.5367,0.536688888888889
73,0,0,0,715887.5,871387.5,1026887.5,1182387.5,1765512.5,2037637.5,0.0001,0.498857142857143,0.498857142857143,0.498857142857143,0.498857142857143,0.498857142857143,0.495842857142857,0.500371428571429,0.500371428571429
74,0,0,0,357943.75,435693.75,513443.75,591193.75,882756.25,1018818.75,0.0001,0.498471428571429,0.498471428571429,0.498471428571429,0.498471428571429,0.498471428571429,0.495457142857143,0.5,0.499971428571429
75,0,0,0,357943.75,435693.75,513443.75,591193.75,882756.25,1018818.75,0.0001,0.508185714285714,0.508185714285714,0.508185714285714,0.508185714285714,0.508185714285714,0.505114285714286,0.509728571428571,0.509714285714286
76,0,0,0,715887.5,871387.5,1026887.5,1182387.5,1765512.5,2037637.5,0.0001,0.54587,0.54587,0.54587,0.54587,0.54587,0.54256,0.54753,0.54751
77,0,0,0,1073831.25,1307081.25,1540331.25,1773581.25,2648268.75,3056456.25,0.0001,0.553508333333333,0.553508333333333,0.553508333333333,0.553508333333333,0.553508333333333,0.550158333333333,0.555191666666667,0.555183333333333
78,0,0,0,357943.75,435693.75,513443.75,591193.75,882756.25,1018818.75,0.0001,0.547172727272727,0.547172727272727,0.547172727272727,0.547172727272727,0.547172727272727,0.543845454545455,0.548836363636364,0.548818181818182
79,0,0,0,1073831.25,1307081.25,1540331.25,1773581.25,2648268.75,3056456.25,0.0001,0.54517,0.54517,0.54517,0.54517,0.54517,0.54187,0.54683,0.54683
80,0,0,0,715887.5,871387.5,1026887.5,1182387.5,1765512.5,2037637.5,0.0001,0.5093,0.5093,0.5093,0.5093,0.5093,0.506214285714286,0.510842857142857,0.510828571428571
81,0,0,0,715887.5,871387.5,1026887.5,1182387.5,1765512.5,2037637.5,0.0001,0.5254875,0.5254875,0.5254875,0.5254875,0.5254875,0.5222875,0.527075,0.5270625
82,0,0,0,357943.75,435693.75,513443.75,591193.75,882756.25,1018818.75,0.0001,0.520275,0.520275,0.520275,0.520275,0.520275,0.5171375,0.5218625,0.52185
83,0,0,0,357943.75,435693.75,513443.75,591193.75,882756.25,1018818.75,0.0001,0.496285714285714,0.496285714285714,0.496285714285714,0.496285714285714,0.496285714285714,0.493285714285714,0.497785714285714,0.497771428571429
84,0,0,0,715887.5,871387.5,1026887.5,1182387.5,1765512.5,2037637.5,0.0001,0.54281,0.54281,0.54281,0.54281,0.54281,0.53952,0.54446,0.54445
85,0,0,0,357943.75,435693.75,513443.75,591193.75,882756.25,1018818.75,0.0001,0.557076923076923,0.557076923076923,0.557076923076923,0.557076923076923,0.557076923076923,0.553692307692308,0.558769230769231,0.558753846153846
86,0,0,0,715887.5,871387.5,1026887.5,1182387.5,1765512.5,2037637.5,0.0001,0.557169230769231,0.557169230769231,0.557169230769231,0.557169230769231,0.557169230769231,0.553784615384615,0.558861538461538,0.558853846153846
87,0,0,0,715887.5,871387.5,1026887.5,1182387.5,1765512.5,2037637.5,0.0001,0.559492307692308,0.559492307692308,0.559492307692308,0.559492307692308,0.559492307692308,0.556092307692308,0.561184615384615,0.561184615384615
88,0,0,0,357943.75,435693.75,513443.75,591193.75,882756.25,1018818.75,0.0001,0.563446666666667,0.563446666666667,0.563446666666667,0.563446666666667,0.563446666666667,0.560026666666667,0.565166666666667,0.565153333333333
89,0,0,0,1073831.25,1307081.25,1540331.25,1773581.25,2648268.75,3056456.25,0.0001,0.534688888888889,0.534688888888889,0.534688888888889,0.534688888888889,0.534688888888889,0.531433333333333,0.536311111111111,0.536288888888889
90,0,0,0,357943.75,435693.75,513443.75,591193.75,882756.25,1018818.75,0.0001,0.561321428571429,0.561321428571429,0.561321428571429,0.561321428571429,0.561321428571429,0.557921428571429,0.563028571428571,0.563028571428571
91,0,0,0,715887.5,871387.5,1026887.5,1182387.5,1765512.5,2037637.5,0.0001,0.5412,0.5412,0.5412,0.5412,0.5412,0.53792,0.54285,0.54283
92,0,0,0,1073831.25,1307081.25,1540331.25,1773581.25,2648268.75,3056456.25,0.0001,0.560276923076923,0.560276923076923,0.560276923076923,0.560276923076923,0.560276923076923,0.556876923076923,0.561984615384615,0.561969230769231
93,0,0,0,1073831.25,1307081.25,1540331.25,1773581.25,2648268.75,3056456.25,0.0001,0.556125,0.556125,0.556125,0.556125,0.556125,0.552758333333333,0.557808333333333,0.557808333333333
94,0,0,0,357943.75,435693.75,513443.75,591193.75,882756.25,1018818.75,0.0001,0.532166666666667,0.532166666666667,0.532166666666667,0.532166666666667,0.532166666666667,0.528955555555556,0.533788888888889,0.533788888888889
95,0,0,0,1073831.25,1307081.25,1540331.25,1773581.25,2648268.75,3056456.25,0.0001,0.5073,0.5073,0.5073,0.5073,0.5073,0.504242857142857,0.508857142857143,0.508828571428571
96,0,0,0,1073831.25,1307081.25,1540331.25,1773581.25,2648268.75,3056456.25,0.0001,0.564026666666667,0.564026666666667,0.564026666666667,0.564026666666667,0.564026666666667,0.560613333333333,0.565746666666667,0.56574
97,0,0,0,357943.75,435693.75,513443.75,591193.75,882756.25,1018818.75,0.0001,0.548490909090909,0.548490909090909,0.548490909090909,0.548490909090909,0.548490909090909,0.545163636363636,0.550154545454545,0.550154545454545
98,0,0,0,357943.75,435693.75,513443.75,591193.75,882756.25,1018818.75,0.0001,0.533411111111111,0.533411111111111,0.533411111111111,0.533411111111111,0.533411111111111,0.530177777777778,0.535033333333333,0.535022222222222
99,0,0,0,715887.5,871387.5,1026887.5,1182387.5,1765512.5,2037637.5,0.0001,0.559538461538462,0.559538461538462,0.559538461538462,0.559538461538462,0.559538461538462,0.556130769230769,0.561230769230769,0.561230769230769
100,0,0,0,1073831.25,1307081.25,1540331.25,1773581.25,2648268.75,3056456.25,0.0001,0.54094,0.54094,0.54094,0.54094,0.54094,0.53766,0.54258,0.54257
101,0,0,0,357943.75,435693.75,513443.75,591193.75,882756.25,1018818.75,0.0001,0.557330769230769,0.557330769230769,0.557330769230769,0.557330769230769,0.557330769230769,0.553953846153846,0.559023076923077,0.559015384615385
102,0,0,0,357943.75,435693.75,513443.75,591193.75,882756.25,1018818.75,0.0001,0.563626666666667,0.563626666666667,0.563626666666667,0.563626666666667,0.563626666666667,0.560213333333333,0.56534,0.565333333333333
103,0,0,0,1073831.25,1307081.25,1540331.25,1773581.25,2648268.75,3056456.25,0.0001,0.564506666666667,0.564506666666667,0.564506666666667,0.564506666666667,0.564506666666667,0.561073333333333,0.566213333333333,0.566213333333333
104,0,0,0,715887.5,871387.5,1026887.5,1182387.5,1765512.5,2037637.5,0.0001,0.563806666666667,0.563806666666667,0.563806666666667,0.563806666666667,0.563806666666667,0.560386666666667,0.565526666666667,0.565506666666667
105,0,0,0,715887.5,871387.5,1026887.5,1182387.5,1765512.5,2037637.5,0.0001,0.502485714285714,0.502485714285714,0.502485714285714,0.502485714285714,0.502485714285714,0.499442857142857,0.504028571428571,0.504
106,0,0,0,1073831.25,1307081.25,1540331.25,1773581.25,2648268.75,3056456.25,0.0001,0.5237875,0.5237875,0.5237875,0.5237875,0.5237875,0.5206,0.525375,0.52535
107,0,0,0,1073831.25,1307081.25,1540331.25,1773581.25,2648268.75,3056456.25,0.0001,0.530844444444444,0.530844444444444,0.530844444444444,0.530844444444444,0.530844444444444,0.527622222222222,0.532455555555556,0.532444444444444
108,0,0,0,1073831.25,1307081.25,1540331.25,1773581.25,2648268.75,3056456.25,0.0001,0.548554545454546,0.548554545454546,0.548554545454546,0.548554545454546,0.548554545454546,0.545218181818182,0.550209090909091,0.550209090909091
109,0,0,0,1073831.25,1307081.25,1540331.25,1773581.25,2648268.75,3056456.25,0.0001,0.561257142857143,0.561257142857143,0.561257142857143,0.561257142857143,0.561257142857143,0.55785,0.562964285714286,0.562957142857143
110,0,0,0,1073831.25,1307081.25,1540331.25,1773581.25,2648268.75,3056456.25,0.0001,0.54549,0.54549,0.54549,0.54549,0.54549,0.54218,0.54715,0.54713
111,0,0,0,715887.5,871387.5,1026887.5,1182387.5,1765512.5,2037637.5,0.0001,0.502414285714286,0.502414285714286,0.502414285714286,0.502414285714286,0.502414285714286,0.499385714285714,0.503942857142857,0.503942857142857
112,0,0,0,357943.75,435693.75,513443.75,591193.75,882756.25,1018818.75,0.0001,0.54591,0.54591,0.54591,0.54591,0.54591,0.54259,0.54756,0.54755
113,0,0,0,715887.5,871387.5,1026887.5,1182387.5,1765512.5,2037637.5,0.0001,0.54558,0.54558,0.54558,0.54558,0.54558,0.54228,0.54725,0.54723
114,0,0,0,715887.5,871387.5,1026887.5,1182387.5,1765512.5,2037637.5,0.0001,0.563586666666667,0.563586666666667,0.563586666666667,0.563586666666667,0.563586666666667,0.560173333333333,0.5653,0.565293333333333
115,0,0,0,715887.5,871387.5,1026887.5,1182387.5,1765512.5,2037637.5,0.0001,0.550254545454545,0.550254545454545,0.550254545454545,0.550254545454545,0.550254545454545,0.546909090909091,0.551918181818182,0.5519
116,0,0,0,715887.5,871387.5,1026887.5,1182387.5,1765512.5,2037637.5,0.0001,0.54297,0.54297,0.54297,0.54297,0.54297,0.53968,0.54463,0.54461
117,0,0,0,1073831.25,1307081.25,1540331.25,1773581.25,2648268.75,3056456.25,0.0001,0.5215125,0.5215125,0.5215125,0.5215125,0.5215125,0.51835,0.5231,0.5230875
118,0,0,0,357943.75,435693.75,513443.75,591193.75,882756.25,1018818.75,0.0001,0.56328,0.56328,0.56328,0.56328,0.56328,0.559866666666667,0.564986666666667,0.564986666666667
119,0,0,0,357943.75,435693.75,513443.75,591193.75,882756.25,1018818.75,0.0001,0.515725,0.515725,0.515725,0.515725,0.515725,0.5126,0.5173,0.517275
120,0,0,0,1073831.25,1307081.25,1540331.25,1773581.25,2648268.75,3056456.25,0.0001,0.54309,0.54309,0.54309,0.54309,0.54309,0.5398,0.54475,0.54473
121,0,0,0,357943.75,435693.75,513443.75,591193.75,882756.25,1018818.75,0.0001,0.530355555555556,0.530355555555556,0.530355555555556,0.530355555555556,0.530355555555556,0.527144444444444,0.531977777777778,0.531955555555556
122,0,0,0,715887.5,871387.5,1026887.5,1182387.5,1765512.5,2037637.5,0.0001,0.548463636363636,0.548463636363636,0.548463636363636,0.548463636363636,0.548463636363636,0.545136363636364,0.550127272727273,0.550118181818182
123,0,0,0,715887.5,871387.5,1026887.5,1182387.5,1765512.5,2037637.5,0.0001,0.558146153846154,0.558146153846154,0.558146153846154,0.558146153846154,0.558146153846154,0.554753846153846,0.559838461538462,0.559838461538462
124,0,0,0,1073831.25,1307081.25,1540331.25,1773581.25,2648268.75,3056456.25,0.0001,0.5172625,0.5172625,0.5172625,0.5172625,0.5172625,0.514125,0.5188375,0.5188125
125,0,0,0,715887.5,871387.5,1026887.5,1182387.5,1765512.5,2037637.5,0.0001,0.54506,0.54506,0.54506,0.54506,0.54506,0.54176,0.54672,0.5467
126,0,0,0,1073831.25,1307081.25,1540331.25,1773581.25,2648268.75,3056456.25,0.0001,0.530688888888889,0.530688888888889,0.530688888888889,0.530688888888889,0.530688888888889,0.527466666666667,0.532311111111111,0.5323
127,0,0,0,1073831.25,1307081.25,1540331.25,1773581.25,2648268.75,3056456.25,0.0001,0.560471428571429,0.560471428571429,0.560471428571429,0.560471428571429,0.560471428571429,0.557064285714286,0.562171428571429,0.562164285714286
128,0,0,0,1073831.25,1307081.25,1540331.25,1773581.25,2648268.75,3056456.25,0.0001,0.551636363636364,0.551636363636364,0.551636363636364,0.551636363636364,0.551636363636364,0.548290909090909,0.553318181818182,0.5533
129,0,0,0,357943.75,435693.75,513443.75,591193.75,882756.25,1018818.75,0.0001,0.560015384615385,0.560015384615385,0.560015384615385,0.560015384615385,0.560015384615385,0.556615384615385,0.561715384615385,0.561707692307692
130,0,0,0,1073831.25,1307081.25,1540331.25,1773581.25,2648268.75,3056456.25,0.0001,0.5242125,0.5242125,0.5242125,0.5242125,0.5242125,0.521025,0.5258,0.5257875
131,0,0,0,1073831.25,1307081.25,1540331.25,1773581.25,2648268.75,3056456.25,0.0001,0.549318181818182,0.549318181818182,0.549318181818182,0.549318181818182,0.549318181818182,0.545981818181818,0.551,0.550972727272727
132,0,0,0,1073831.25,1307081.25,1540331.25,1773581.25,2648268.75,3056456.25,0.0001,0.54439,0.54439,0.54439,0.54439,0.54439,0.54109,0.54605,0.54602
133,0,0,0,715887.5,871387.5,1026887.5,1182387.5,1765512.5,2037637.5,0.0001,0.525625,0.525625,0.525625,0.525625,0.525625,0.5224375,0.5272125,0.5272125
134,0,0,0,357943.75,435693.75,513443.75,591193.75,882756.25,1018818.75,0.0001,0.5534,0.5534,0.5534,0.5534,0.5534,0.55005,0.555091666666667,0.555075
135,0,0,0,715887.5,871387.5,1026887.5,1182387.5,1765512.5,2037637.5,0.0001,0.562328571428572,0.562328571428572,0.562328571428572,0.562328571428572,0.562328571428572,0.558914285714286,0.564035714285714,0.564035714285714
136,0,0,0,1073831.25,1307081.25,1540331.25,1773581.25,2648268.75,3056456.25,0.0001,0.558415384615385,0.558415384615385,0.558415384615385,0.558415384615385,0.558415384615385,0.555023076923077,0.560115384615385,0.5601
137,0,0,0,1073831.25,1307081.25,1540331.25,1773581.25,2648268.75,3056456.25,0.0001,0.54316,0.54316,0.54316,0.54316,0.54316,0.53987,0.54481,0.5448
138,0,0,0,357943.75,435693.75,513443.75,591193.75,882756.25,1018818.75,0.0001,0.555375,0.555375,0.555375,0.555375,0.555375,0.552008333333333,0.557058333333333,0.557058333333333
139,0,0,0,1073831.25,1307081.25,1540331.25,1773581.25,2648268.75,3056456.25,0.0001,0.564113333333333,0.564113333333333,0.564113333333333,0.564113333333333,0.564113333333333,0.560693333333333,0.565833333333333,0.56582
140,0,0,0,715887.5,871387.5,1026887.5,1182387.5,1765512.5,2037637.5,0.0001,0.5003,0.5003,0.5003,0.5003,0.5003,0.497257142857143,0.5018,0.5018
141,0,0,0,715887.5,871387.5,1026887.5,1182387.5,1765512.5,2037637.5,0.0001,0.563046666666667,0.563046666666667,0.563046666666667,0.563046666666667,0.563046666666667,0.559626666666667,0.56476,0.564746666666667
142,0,0,0,1073831.25,1307081.25,1540331.25,1773581.25,2648268.75,3056456.25,0.0001,0.563766666666667,0.563766666666667,0.563766666666667,0.563766666666667,0.563766666666667,0.560346666666667,0.565486666666667,0.565466666666667
143,0,0,0,1073831.25,1307081.25,1540331.25,1773581.25,2648268.75,3056456.25,0.0001,0.559069230769231,0.559069230769231,0.559069230769231,0.559069230769231,0.559069230769231,0.555676923076923,0.560769230769231,0.560761538461538
144,0,0,0,1073831.25,1307081.25,1540331.25,1773581.25,2648268.75,3056456.25,0.0001,0.54446,0.54446,0.54446,0.54446,0.54446,0.54116,0.54611,0.54611
145,0,0,0,357943.75,435693.75,513443.75,591193.75,882756.25,1018818.75,0.0001,0.5190875,0.5190875,0.5190875,0.5190875,0.5190875,0.5159375,0.52065,0.52065
146,0,0,0,715887.5,871387.5,1026887.5,1182387.5,1765512.5,2037637.5,0.0001,0.54418,0.54418,0.54418,0.54418,0.54418,0.54088,0.54583,0.54582
147,0,0,0,1073831.25,1307081.25,1540331.25,1773581.25,2648268.75,3056456.25,0.0001,0.559476923076923,0.559476923076923,0.559476923076923,0.559476923076923,0.559476923076923,0.556084615384615,0.561176923076923,0.561161538461538
148,0,0,0,715887.5,871387.5,1026887.5,1182387.5,1765512.5,2037637.5,0.0001,0.536377777777778,0.536377777777778,0.536377777777778,0.536377777777778,0.536377777777778,0.533133333333333,0.538,0.538
149,0,0,0,1073831.25,1307081.25,1540331.25,1773581.25,2648268.75,3056456.25,0.0001,0.5421,0.5421,0.5421,0.5421,0.5421,0.5388,0.54374,0.54373
150,0,0,0,1073831.25,1307081.25,1540331.25,1773581.25,2648268.75,3056456.25,0.0001,0.4994,0.4994,0.4994,0.4994,0.4994,0.496371428571429,0.500928571428571,0.500885714285714
151,0,0,0,357943.75,435693.75,513443.75,591193.75,882756.25,1018818.75,0.0001,0.507942857142857,0.507942857142857,0.507942857142857,0.507942857142857,0.507942857142857,0.504857142857143,0.509471428571429,0.509471428571429
152,0,0,0,715887.5,871387.5,1026887.5,1182387.5,1765512.5,2037637.5,0.0001,0.562857142857143,0.562857142857143,0.562857142857143,0.562857142857143,0.562857142857143,0.55945,0.564571428571429,0.564571428571429
153,0,0,0,715887.5,871387.5,1026887.5,1182387.5,1765512.5,2037637.5,0.0001,0.564946666666667,0.564946666666667,0.564946666666667,0.564946666666667,0.564946666666667,0.561513333333333,0.56666,0.566653333333333
154,0,0,0,1073831.25,1307081.25,1540331.25,1773581.25,2648268.75,3056456.25,0.0001,0.554683333333333,0.554683333333333,0.554683333333333,0.554683333333333,0.554683333333333,0.551325,0.556375,0.556358333333333
155,0,0,0,715887.5,871387.5,1026887.5,1182387.5,1765512.5,2037637.5,0.0001,0.562471428571429,0.562471428571429,0.562471428571429,0.562471428571429,0.562471428571429,0.559064285714286,0.564185714285714,0.564178571428571
156,0,0,0,357943.75,435693.75,513443.75,591193.75,882756.25,1018818.75,0.0001,0.54222,0.54222,0.54222,0.54222,0.54222,0.53893,0.54388,0.54385
157,0,0,0,715887.5,871387.5,1026887.5,1182387.5,1765512.5,2037637.5,0.0001,0.548127272727273,0.548127272727273,0.548127272727273,0.548127272727273,0.548127272727273,0.544809090909091,0.5498,0.549790909090909
158,0,0,0,1073831.25,1307081.25,1540331.25,1773581.25,2648268.75,3056456.25,0.0001,0.553358333333333,0.553358333333333,0.553358333333333,0.553358333333333,0.553358333333333,0.550008333333333,0.555041666666667,0.555025
159,0,0,0,357943.75,435693.75,513443.75,591193.75,882756.25,1018818.75,0.0001,0.5345,0.5345,0.5345,0.5345,0.5345,0.531255555555556,0.536122222222222,0.5361
160,0,0,0,1073831.25,1307081.25,1540331.25,1773581.25,2648268.75,3056456.25,0.0001,0.562492857142857,0.562492857142857,0.562492857142857,0.562492857142857,0.562492857142857,0.559085714285714,0.564207142857143,0.564192857142857
161,0,0,0,715887.5,871387.5,1026887.5,1182387.5,1765512.5,2037637.5,0.0001,0.534166666666667,0.534166666666667,0.534166666666667,0.534166666666667,0.534166666666667,0.530933333333333,0.5358,0.535777777777778
162,0,0,0,357943.75,435693.75,513443.75,591193.75,882756.25,1018818.75,0.0001,0.556408333333333,0.556408333333333,0.556408333333333,0.556408333333333,0.556408333333333,0.553016666666667,0.558091666666667,0.558075
163,0,0,0,357943.75,435693.75,513443.75,591193.75,882756.25,1018818.75,0.0001,0.5226375,0.5226375,0.5226375,0.5226375,0.5226375,0.5194625,0.524225,0.5242
164,0,0,0,357943.75,435693.75,513443.75,591193.75,882756.25,1018818.75,0.0001,0.565133333333333,0.565133333333333,0.565133333333333,0.565133333333333,0.565133333333333,0.5617,0.566846666666667,0.56684
165,0,0,0,715887.5,871387.5,1026887.5,1182387.5,1765512.5,2037637.5,0.0001,0.530122222222222,0.530122222222222,0.530122222222222,0.530122222222222,0.530122222222222,0.526922222222222,0.531744444444444,0.531722222222222
166,0,0,0,357943.75,435693.75,513443.75,591193.75,882756.25,1018818.75,0.0001,0.531833333333333,0.531833333333333,0.531833333333333,0.531833333333333,0.531833333333333,0.5286,0.533444444444444,0.533433333333333
167,0,0,0,715887.5,871387.5,1026887.5,1182387.5,1765512.5,2037637.5,0.0001,0.535766666666667,0.535766666666667,0.535766666666667,0.535766666666667,0.535766666666667,0.532511111111111,0.537388888888889,0.537377777777778
168,0,0,0,357943.75,435693.75,513443.75,591193.75,882756.25,1018818.75,0.0001,0.554158333333333,0.554158333333333,0.554158333333333,0.554158333333333,0.554158333333333,0.5508,0.555841666666667,0.555833333333333
169,0,0,0,357943.75,435693.75,513443.75,591193.75,882756.25,1018818.75,0.0001,0.54303,0.54303,0.54303,0.54303,0.54303,0.53974,0.54469,0.54468
170,0,0,0,715887.5,871387.5,1026887.5,1182387.5,1765512.5,2037637.5,0.0001,0.5629,0.5629,0.5629,0.5629,0.5629,0.559471428571429,0.564607142857143,0.564592857142857
171,0,0,0,357943.75,435693.75,513443.75,591193.75,882756.25,1018818.75,0.0001,0.564046666666667,0.564046666666667,0.564046666666667,0.564046666666667,0.564046666666667,0.560626666666667,0.56576,0.565753333333333
172,0,0,0,715887.5,871387.5,1026887.5,1182387.5,1765512.5,2037637.5,0.0001,0.537222222222222,0.537222222222222,0.537222222222222,0.537222222222222,0.537222222222222,0.533966666666667,0.538866666666667,0.538833333333333
173,0,0,0,1073831.25,1307081.25,1540331.25,1773581.25,2648268.75,3056456.25,0.0001,0.557315384615385,0.557315384615385,0.557315384615385,0.557315384615385,0.557315384615385,0.553938461538461,0.559015384615385,0.559
174,0,0,0,715887.5,871387.5,1026887.5,1182387.5,1765512.5,2037637.5,0.0001,0.54396,0.54396,0.54396,0.54396,0.54396,0.54066,0.5456,0.54559
175,0,0,0,1073831.25,1307081.25,1540331.25,1773581.25,2648268.75,3056456.25,0.0001,0.550881818181818,0.550881818181818,0.550881818181818,0.550881818181818,0.550881818181818,0.547545454545455,0.552554545454545,0.552554545454545
176,0,0,0,357943.75,435693.75,513443.75,591193.75,882756.25,1018818.75,0.0001,0.55575,0.55575,0.55575,0.55575,0.55575,0.552375,0.557433333333333,0.557425
177,0,0,0,1073831.25,1307081.25,1540331.25,1773581.25,2648268.75,3056456.25,0.0001,0.560046153846154,0.560046153846154,0.560046153846154,0.560046153846154,0.560046153846154,0.556638461538462,0.561738461538462,0.561738461538462
178,0,0,0,1073831.25,1307081.25,1540331.25,1773581.25,2648268.75,3056456.25,0.0001,0.562978571428571,0.562978571428571,0.562978571428571,0.562978571428571,0.562978571428571,0.559564285714286,0.564685714285714,0.564678571428571
179,0,0,0,715887.5,871387.5,1026887.5,1182387.5,1765512.5,2037637.5,0.0001,0.558738461538462,0.558738461538462,0.558738461538462,0.558738461538462,0.558738461538462,0.555353846153846,0.560438461538462,0.560430769230769
180,0,0,0,715887.5,871387.5,1026887.5,1182387.5,1765512.5,2037637.5,0.0001,0.495885714285714,0.495885714285714,0.495885714285714,0.495885714285714,0.495885714285714,0.492885714285714,0.4974,0.497385714285714
181,0,0,0,357943.75,435693.75,513443.75,591193.75,882756.25,1018818.75,0.0001,0.536377777777778,0.536377777777778,0.536377777777778,0.536377777777778,0.536377777777778,0.533133333333333,0.538,0.538
182,0,0,0,715887.5,871387.5,1026887.5,1182387.5,1765512.5,2037637.5,0.0001,0.550654545454546,0.550654545454546,0.550654545454546,0.550654545454546,0.550654545454546,0.547318181818182,0.552336363636364,0.552318181818182
183,0,0,0,1073831.25,1307081.25,1540331.25,1773581.25,2648268.75,3056456.25,0.0001,0.560557142857143,0.560557142857143,0.560557142857143,0.560557142857143,0.560557142857143,0.55715,0.56225,0.56225
184,0,0,0,1073831.25,1307081.25,1540331.25,1773581.25,2648268.75,3056456.25,0.0001,0.551936363636364,0.551936363636364,0.551936363636364,0.551936363636364,0.551936363636364,0.548581818181818,0.553609090909091,0.5536
185,0,0,0,357943.75,435693.75,513443.75,591193.75,882756.25,1018818.75,0.0001,0.496714285714286,0.496714285714286,0.496714285714286,0.496714285714286,0.496714285714286,0.493714285714286,0.498228571428571,0.498214285714286
186,0,0,0,715887.5,871387.5,1026887.5,1182387.5,1765512.5,2037637.5,0.0001,0.54166,0.54166,0.54166,0.54166,0.54166,0.53837,0.54331,0.54329
187,0,0,0,1073831.25,1307081.25,1540331.25,1773581.25,2648268.75,3056456.25,0.0001,0.551990909090909,0.551990909090909,0.551990909090909,0.551990909090909,0.551990909090909,0.548636363636364,0.553663636363636,0.553654545454545
188,0,0,0,715887.5,871387.5,1026887.5,1182387.5,1765512.5,2037637.5,0.0001,0.497257142857143,0.497257142857143,0.497257142857143,0.497257142857143,0.497257142857143,0.494242857142857,0.498757142857143,0.498742857142857
189,0,0,0,715887.5,871387.5,1026887.5,1182387.5,1765512.5,2037637.5,0.0001,0.549845454545455,0.549845454545455,0.549845454545455,0.549845454545455,0.549845454545455,0.546509090909091,0.551509090909091,0.5515
190,0,0,0,357943.75,435693.75,513443.75,591193.75,882756.25,1018818.75,0.0001,0.563264285714286,0.563264285714286,0.563264285714286,0.563264285714286,0.563264285714286,0.559842857142857,0.564978571428571,0.564964285714286
191,0,0,0,715887.5,871387.5,1026887.5,1182387.5,1765512.5,2037637.5,0.0001,0.5053,0.5053,0.5053,0.5053,0.5053,0.502228571428571,0.506842857142857,0.506828571428571
192,0,0,0,357943.75,435693.75,513443.75,591193.75,882756.25,1018818.75,0.0001,0.556558333333333,0.556558333333333,0.556558333333333,0.556558333333333,0.556558333333333,0.553175,0.55825,0.558233333333333
193,0,0,0,357943.75,435693.75,513443.75,591193.75,882756.25,1018818.75,0.0001,0.521625,0.521625,0.521625,0.521625,0.521625,0.5184625,0.5232,0.5232
194,0,0,0,357943.75,435693.75,513443.75,591193.75,882756.25,1018818.75,0.0001,0.5181625,0.5181625,0.5181625,0.5181625,0.5181625,0.515,0.519725,0.5197125
195,0,0,0,715887.5,871387.5,1026887.5,1182387.5,1765512.5,2037637.5,0.0001,0.536011111111111,0.536011111111111,0.536011111111111,0.536011111111111,0.536011111111111,0.532766666666667,0.537633333333333,0.537622222222222
196,0,0,0,1073831.25,1307081.25,1540331.25,1773581.25,2648268.75,3056456.25,0.0001,0.531088888888889,0.531088888888889,0.531088888888889,0.531088888888889,0.531088888888889,0.527866666666667,0.5327,0.532688888888889
197,0,0,0,357943.75,435693.75,513443.75,591193.75,882756.25,1018818.75,0.0001,0.557630769230769,0.557630769230769,0.557630769230769,0.557630769230769,0.557630769230769,0.554253846153846,0.559330769230769,0.559315384615385
198,0,0,0,357943.75,435693.75,513443.75,591193.75,882756.25,1018818.75,0.0001,0.5162125,0.5162125,0.5162125,0.5162125,0.5162,0.5130625,0.5177625,0.5177625
199,0,0,0,715887.5,871387.5,1026887.5,1182387.5,1765512.5,2037637.5,0.0001,0.565073333333333,0.565073333333333,0.565073333333333,0.565073333333333,0.565073333333333,0.561633333333333,0.566786666666667,0.566773333333333
200,0,0,0,715887.5,871387.5,1026887.5,1182387.5,1765512.5,2037637.5,0.0001,0.557076923076923,0.557076923076923,0.557076923076923,0.557076923076923,0.557076923076923,0.5537,0.558776923076923,0.558753846153846
201,0,0,0,715887.5,871387.5,1026887.5,1182387.5,1765512.5,2037637.5,0.0001,0.563566666666667,0.563566666666667,0.563566666666667,0.563566666666667,0.563566666666667,0.56014,0.565273333333333,0.56526
202,0,0,0,1073831.25,1307081.25,1540331.25,1773581.25,2648268.75,3056456.25,0.0001,0.499614285714286,0.499614285714286,0.499614285714286,0.499614285714286,0.499614285714286,0.496571428571429,0.501114285714286,0.5011
203,0,0,0,357943.75,435693.75,513443.75,591193.75,882756.25,1018818.75,0.0001,0.498414285714286,0.498414285714286,0.498414285714286,0.498414285714286,0.498414285714286,0.495385714285714,0.499914285714286,0.499914285714286
204,0,0,0,357943.75,435693.75,513443.75,591193.75,882756.25,1018818.75,0.0001,0.555033333333333,0.555033333333333,0.555033333333333,0.555033333333333,0.555033333333333,0.551666666666667,0.556725,0.556708333333333
205,0,0,0,715887.5,871387.5,1026887.5,1182387.5,1765512.5,2037637.5,0.0001,0.533433333333333,0.533433333333333,0.533433333333333,0.533433333333333,0.533433333333333,0.5302,0.535055555555556,0.535055555555556
206,0,0,0,715887.5,871387.5,1026887.5,1182387.5,1765512.5,2037637.5,0.0001,0.5481,0.5481,0.5481,0.5481,0.5481,0.544772727272727,0.549763636363636,0.549754545454545
207,0,0,0,1073831.25,1307081.25,1540331.25,1773581.25,2648268.75,3056456.25,0.0001,0.560842857142857,0.560842857142857,0.560842857142857,0.560842857142857,0.560842857142857,0.557435714285714,0.56255,0.562535714285714
208,0,0,0,1073831.25,1307081.25,1540331.25,1773581.25,2648268.75,3056456.25,0.0001,0.549809090909091,0.549809090909091,0.549809090909091,0.549809090909091,0.549809090909091,0.546472727272727,0.551481818181818,0.551472727272727
209,0,0,0,715887.5,871387.5,1026887.5,1182387.5,1765512.5,2037637.5,0.0001,0.51855,0.51855,0.51855,0.51855,0.51855,0.5154,0.520125,0.5201125
210,0,0,0,1073831.25,1307081.25,1540331.25,1773581.25,2648268.75,3056456.25,0.0001,0.55415,0.55415,0.55415,0.55415,0.55415,0.550783333333333,0.555825,0.555816666666667
211,0,0,0,357943.75,435693.75,513443.75,591193.75,882756.25,1018818.75,0.0001,0.5252125,0.5252125,0.5252125,0.5252125,0.5252125,0.522025,0.5268125,0.5267875
212,0,0,0,357943.75,435693.75,513443.75,591193.75,882756.25,1018818.75,0.0001,0.532555555555556,0.532555555555556,0.532555555555556,0.532555555555556,0.532555555555556,0.529333333333333,0.534188888888889,0.534155555555555
213,0,0,0,357943.75,435693.75,513443.75,591193.75,882756.25,1018818.75,0.0001,0.564093333333333,0.564093333333333,0.564093333333333,0.564093333333333,0.564093333333333,0.560673333333333,0.565813333333333,0.5658
214,0,0,0,357943.75,435693.75,513443.75,591193.75,882756.25,1018818.75,0.0001,0.560742857142857,0.560742857142857,0.560742857142857,0.560742857142857,0.560742857142857,0.557335714285714,0.562442857142857,0.562435714285714
215,0,0,0,357943.75,435693.75,513443.75,591193.75,882756.25,1018818.75,0.0001,0.5215625,0.5215625,0.5215625,0.5215625,0.5215625,0.5184,0.5231625,0.5231375
216,0,0,0,715887.5,871387.5,1026887.5,1182387.5,1765512.5,2037637.5,0.0001,0.564193333333333,0.564193333333333,0.564193333333333,0.564193333333333,0.564193333333333,0.560766666666667,0.565906666666667,0.565906666666667
217,0,0,0,715887.5,871387.5,1026887.5,1182387.5,1765512.5,2037637.5,0.0001,0.54335,0.54335,0.54335,0.54335,0.54335,0.54005,0.545,0.54499
218,0,0,0,715887.5,871387.5,1026887.5,1182387.5,1765512.5,2037637.5,0.0001,0.548981818181818,0.548981818181818,0.548981818181818,0.548981818181818,0.548981818181818,0.545654545454545,0.550654545454545,0.550636363636364
219,0,0,0,715887.5,871387.5,1026887.5,1182387.5,1765512.5,2037637.5,0.0001,0.552875,0.552875,0.552875,0.552875,0.552875,0.549516666666667,0.554541666666667,0.554541666666667
220,0,0,0,715887.5,871387.5,1026887.5,1182387.5,1765512.5,2037637.5,0.0001,0.5179,0.5179,0.5179,0.5179,0.5179,0.5147625,0.519475,0.51945
221,0,0,0,1073831.25,1307081.25,1540331.25,1773581.25,2648268.75,3056456.25,0.0001,0.559984615384615,0.559984615384615,0.559984615384615,0.559984615384615,0.559984615384615,0.556592307692308,0.561692307692308,0.561676923076923
222,0,0,0,715887.5,871387.5,1026887.5,1182387.5,1765512.5,2037637.5,0.0001,0.560161538461538,0.560161538461538,0.560161538461538,0.560161538461538,0.560161538461538,0.556769230769231,0.561876923076923,0.561853846153846
223,0,0,0,1073831.25,1307081.25,1540331.25,1773581.25,2648268.75,3056456.25,0.0001,0.563085714285714,0.563085714285714,0.563085714285714,0.563085714285714,0.563085714285714,0.559671428571429,0.564807142857143,0.564792857142857
224,0,0,0,357943.75,435693.75,513443.75,591193.75,882756.25,1018818.75,0.0001,0.559392307692308,0.559392307692308,0.559392307692308,0.559392307692308,0.559392307692308,0.556,0.561092307692308,0.561084615384615
225,0,0,0,715887.5,871387.5,1026887.5,1182387.5,1765512.5,2037637.5,0.0001,0.5374,0.5374,0.5374,0.5374,0.5374,0.534144444444444,0.539033333333333,0.539022222222222
226,0,0,0,1073831.25,1307081.25,1540331.25,1773581.25,2648268.75,3056456.25,0.0001,0.533488888888889,0.533488888888889,0.533488888888889,0.533488888888889,0.533488888888889,0.530255555555556,0.535122222222222,0.535088888888889
227,0,0,0,715887.5,871387.5,1026887.5,1182387.5,1765512.5,2037637.5,0.0001,0.558215384615385,0.558215384615385,0.558215384615385,0.558215384615385,0.558215384615385,0.554830769230769,0.559907692307692,0.559907692307692
228,0,0,0,357943.75,435693.75,513443.75,591193.75,882756.25,1018818.75,0.0001,0.564113333333333,0.564113333333333,0.564113333333333,0.564113333333333,0.564113333333333,0.560693333333333,0.565833333333333,0.56582
229,0,0,0,715887.5,871387.5,1026887.5,1182387.5,1765512.5,2037637.5,0.0001,0.5162875,0.5162875,0.5162875,0.5162875,0.5162875,0.5131625,0.5178625,0.5178375
230,0,0,0,715887.5,871387.5,1026887.5,1182387.5,1765512.5,2037637.5,0.0001,0.56115,0.56115,0.56115,0.56115,0.56115,0.557742857142857,0.56285,0.562842857142857
231,0,0,0,357943.75,435693.75,513443.75,591193.75,882756.25,1018818.75,0.0001,0.556841666666667,0.556841666666667,0.556841666666667,0.556841666666667,0.556841666666667,0.553458333333333,0.558533333333333,0.558533333333333
232,0,0,0,715887.5,871387.5,1026887.5,1182387.5,1765512.5,2037637.5,0.0001,0.54034,0.54034,0.54034,0.54034,0.54034,0.53707,0.54199,0.54196
233,0,0,0,357943.75,435693.75,513443.75,591193.75,882756.25,1018818.75,0.0001,0.5621,0.5621,0.5621,0.5621,0.5621,0.558685714285714,0.563807142857143,0.563792857142857
234,0,0,0,1073831.25,1307081.25,1540331.25,1773581.25,2648268.75,3056456.25,0.0001,0.5545,0.5545,0.5545,0.5545,0.5545,0.551125,0.556175,0.556175
235,0,0,0,715887.5,871387.5,1026887.5,1182387.5,1765512.5,2037637.5,0.0001,0.536155555555556,0.536155555555556,0.536155555555556,0.536155555555556,0.536155555555556,0.5329,0.537788888888889,0.537766666666667
236,0,0,0,357943.75,435693.75,513443.75,591193.75,882756.25,1018818.75,0.0001,0.560269230769231,0.560269230769231,0.560269230769231,0.560269230769231,0.560269230769231,0.556861538461538,0.561969230769231,0.561953846153846
237,0,0,0,1073831.25,1307081.25,1540331.25,1773581.25,2648268.75,3056456.25,0.0001,0.561321428571429,0.561321428571429,0.561321428571429,0.561321428571429,0.561321428571429,0.557907142857143,0.563028571428571,0.563021428571429
238,0,0,0,715887.5,871387.5,1026887.5,1182387.5,1765512.5,2037637.5,0.0001,0.561092857142857,0.561092857142857,0.561092857142857,0.561092857142857,0.561092857142857,0.557692857142857,0.562807142857143,0.562792857142857
239,0,0,0,357943.75,435693.75,513443.75,591193.75,882756.25,1018818.75,0.0001,0.552925,0.552925,0.552925,0.552925,0.552925,0.549575,0.554616666666667,0.554591666666667
240,0,0,0,715887.5,871387.5,1026887.5,1182387.5,1765512.5,2037637.5,0.0001,0.506985714285714,0.506985714285714,0.506985714285714,0.506985714285714,0.506985714285714,0.5039,0.508514285714286,0.5085
241,0,0,0,715887.5,871387.5,1026887.5,1182387.5,1765512.5,2037637.5,0.0001,0.559761538461539,0.559761538461539,0.559761538461539,0.559761538461539,0.559761538461539,0.556369230769231,0.561476923076923,0.561461538461538
242,0,0,0,715887.5,871387.5,1026887.5,1182387.5,1765512.5,2037637.5,0.0001,0.558561538461538,0.558561538461538,0.558561538461538,0.558561538461538,0.558561538461538,0.555176923076923,0.560261538461538,0.560253846153846
243,0,0,0,357943.75,435693.75,513443.75,591193.75,882756.25,1018818.75,0.0001,0.54586,0.54586,0.54586,0.54586,0.54586,0.54255,0.54753,0.54751
244,0,0,0,715887.5,871387.5,1026887.5,1182387.5,1765512.5,2037637.5,0.0001,0.560361538461538,0.560361538461538,0.560361538461538,0.560361538461538,0.560361538461538,0.556961538461538,0.562069230769231,0.562053846153846
245,0,0,0,357943.75,435693.75,513443.75,591193.75,882756.25,1018818.75,0.0001,0.506571428571429,0.506571428571429,0.506571428571429,0.506571428571429,0.506571428571429,0.503485714285714,0.5081,0.508085714285714
246,0,0,0,1073831.25,1307081.25,1540331.25,1773581.25,2648268.75,3056456.25,0.0001,0.560721428571429,0.560721428571429,0.560721428571429,0.560721428571429,0.560721428571429,0.557314285714286,0.562421428571429,0.562407142857143
247,0,0,0,357943.75,435693.75,513443.75,591193.75,882756.25,1018818.75,0.0001,0.5025,0.5025,0.5025,0.5025,0.5025,0.499457142857143,0.504028571428571,0.504028571428571
248,0,0,0,357943.75,435693.75,513443.75,591193.75,882756.25,1018818.75,0.0001,0.54036,0.54036,0.54036,0.54036,0.54036,0.53708,0.54201,0.54199
249,0,0,0,1073831.25,1307081.25,1540331.25,1773581.25,2648268.75,3056456.25,0.0001,0.504385714285714,0.504385714285714,0.504385714285714,0.504385714285714,0.504385714285714,0.501342857142857,0.505928571428571,0.505914285714286
250,0,0,0,1073831.25,1307081.25,1540331.25,1773581.25,2648268.75,3056456.25,0.0001,0.563986666666667,0.563986666666667,0.563986666666667,0.563986666666667,0.563986666666667,0.560566666666667,0.5657,0.565693333333333
251,0,0,0,1073831.25,1307081.25,1540331.25,1773581.25,2648268.75,3056456.25,0.0001,0.522325,0.522325,0.522325,0.522325,0.522325,0.5191625,0.5239125,0.5239
252,0,0,0,715887.5,871387.5,1026887.5,1182387.5,1765512.5,2037637.5,0.0001,0.54047,0.54047,0.54047,0.54047,0.54047,0.53719,0.54211,0.54211
253,0,0,0,715887.5,871387.5,1026887.5,1182387.5,1765512.5,2037637.5,0.0001,0.559153846153846,0.559153846153846,0.559153846153846,0.559153846153846,0.559153846153846,0.555761538461538,0.560853846153846,0.560838461538462
254,0,0,0,715887.5,871387.5,1026887.5,1182387.5,1765512.5,2037637.5,0.0001,0.56328,0.56328,0.56328,0.56328,0.56328,0.559853333333333,0.564986666666667,0.564986666666667
255,0,0,0,1073831.25,1307081.25,1540331.25,1773581.25,2648268.75,3056456.25,0.0001,0.558746153846154,0.558746153846154,0.558746153846154,0.558746153846154,0.558746153846154,0.555353846153846,0.560438461538462,0.560438461538462
256,0,0,0,1073831.25,1307081.25,1540331.25,1773581.25,2648268.75,3056456.25,0.0001,0.54418,0.54418,0.54418,0.54418,0.54418,0.54087,0.54583,0.54582
257,0,0,0,1073831.25,1307081.25,1540331.25,1773581.25,2648268.75,3056456.25,0.0001,0.5483,0.5483,0.5483,0.5483,0.5483,0.544972727272727,0.549963636363636,0.549954545454545
258,0,0,0,357943.75,435693.75,513443.75,591193.75,882756.25,1018818.75,0.0001,0.54357,0.54357,0.54357,0.54357,0.54357,0.54027,0.54523,0.54521
259,0,0,0,715887.5,871387.5,1026887.5,1182387.5,1765512.5,2037637.5,0.0001,0.563128571428571,0.563128571428571,0.563128571428571,0.563128571428571,0.563128571428571,0.559714285714286,0.564835714285714,0.564835714285714
260,0,0,0,357943.75,435693.75,513443.75,591193.75,882756.25,1018818.75,0.0001,0.51745,0.51745,0.51745,0.51745,0.51745,0.5143125,0.519,0.519
261,0,0,0,1073831.25,1307081.25,1540331.25,1773581.25,2648268.75,3056456.25,0.0001,0.562228571428571,0.562228571428571,0.562228571428571,0.562228571428571,0.562228571428571,0.558814285714286,0.563935714285714,0.563928571428571
262,0,0,0,715887.5,871387.5,1026887.5,1182387.5,1765512.5,2037637.5,0.0001,0.559676923076923,0.559676923076923,0.559676923076923,0.559676923076923,0.559676923076923,0.556284615384615,0.561384615384615,0.561369230769231
263,0,0,0,715887.5,871387.5,1026887.5,1182387.5,1765512.5,2037637.5,0.0001,0.565406666666667,0.565406666666667,0.565406666666667,0.565406666666667,0.565406666666667,0.561973333333333,0.56712,0.567113333333333
264,0,0,0,1073831.25,1307081.25,1540331.25,1773581.25,2648268.75,3056456.25,0.0001,0.554716666666667,0.554716666666667,0.554716666666667,0.554716666666667,0.554716666666667,0.55135,0.5564,0.556383333333333
265,0,0,0,1073831.25,1307081.25,1540331.25,1773581.25,2648268.75,3056456.25,0.0001,0.548918181818182,0.548918181818182,0.548918181818182,0.548918181818182,0.548918181818182,0.5456,0.5506,0.550581818181818
266,0,0,0,715887.5,871387.5,1026887.5,1182387.5,1765512.5,2037637.5,0.0001,0.547436363636364,0.547436363636364,0.547436363636364,0.547436363636364,0.547436363636364,0.544118181818182,0.549109090909091,0.549081818181818
267,0,0,0,1073831.25,1307081.25,1540331.25,1773581.25,2648268.75,3056456.25,0.0001,0.503142857142857,0.503142857142857,0.503142857142857,0.503142857142857,0.503142857142857,0.5001,0.504671428571429,0.504657142857143
268,0,0,0,357943.75,435693.75,513443.75,591193.75,882756.25,1018818.75,0.0001,0.529777777777778,0.529777777777778,0.529777777777778,0.529777777777778,0.529777777777778,0.526555555555556,0.531377777777778,0.531377777777778
269,0,0,0,1073831.25,1307081.25,1540331.25,1773581.25,2648268.75,3056456.25,0.0001,0.548327272727273,0.548327272727273,0.548327272727273,0.548327272727273,0.548327272727273,0.545,0.549990909090909,0.549981818181818
270,0,0,0,1073831.25,1307081.25,1540331.25,1773581.25,2648268.75,3056456.25,0.0001,0.559584615384615,0.559584615384615,0.559584615384615,0.559584615384615,0.559584615384615,0.556176923076923,0.561276923076923,0.561276923076923
271,0,0,0,715887.5,871387.5,1026887.5,1182387.5,1765512.5,2037637.5,0.0001,0.563926666666667,0.563926666666667,0.563926666666667,0.563926666666667,0.563926666666667,0.5605,0.56564,0.565626666666667
272,0,0,0,357943.75,435693.75,513443.75,591193.75,882756.25,1018818.75,0.0001,0.508542857142857,0.508542857142857,0.508542857142857,0.508542857142857,0.508542857142857,0.505457142857143,0.510071428571429,0.510057142857143
273,0,0,0,1073831.25,1307081.25,1540331.25,1773581.25,2648268.75,3056456.25,0.0001,0.558184615384615,0.558184615384615,0.558184615384615,0.558184615384615,0.558184615384615,0.5548,0.559884615384615,0.559869230769231
274,0,0,0,1073831.25,1307081.25,1540331.25,1773581.25,2648268.75,3056456.25,0.0001,0.5231125,0.5231125,0.5231125,0.5231125,0.5231125,0.5199375,0.5247,0.5246875
275,0,0,0,357943.75,435693.75,513443.75,591193.75,882756.25,1018818.75,0.0001,0.563906666666667,0.563906666666667,0.563906666666667,0.563906666666667,0.563906666666667,0.560486666666667,0.56562,0.565606666666667
276,0,0,0,357943.75,435693.75,513443.75,591193.75,882756.25,1018818.75,0.0001,0.5414,0.5414,0.5414,0.5414,0.5414,0.53813,0.54304,0.54304
277,0,0,0,357943.75,435693.75,513443.75,591193.75,882756.25,1018818.75,0.0001,0.552925,0.552925,0.552925,0.552925,0.552925,0.549575,0.554616666666667,0.5546
278,0,0,0,357943.75,435693.75,513443.75,591193.75,882756.25,1018818.75,0.0001,0.550390909090909,0.550390909090909,0.550390909090909,0.550390909090909,0.550390909090909,0.547054545454545,0.552072727272727,0.552054545454545
279,0,0,0,357943.75,435693.75,513443.75,591193.75,882756.25,1018818.75,0.0001,0.52505,0.52505,0.52505,0.52505,0.52505,0.5218625,0.52665,0.526625
280,0,0,0,1073831.25,1307081.25,1540331.25,1773581.25,2648268.75,3056456.25,0.0001,0.563426666666667,0.563426666666667,0.563426666666667,0.563426666666667,0.563426666666667,0.560006666666667,0.56514,0.565126666666667
281,0,0,0,715887.5,871387.5,1026887.5,1182387.5,1765512.5,2037637.5,0.0001,0.564753333333333,0.564753333333333,0.564753333333333,0.564753333333333,0.564753333333333,0.561326666666667,0.566473333333333,0.566466666666667
282,0,0,0,1073831.25,1307081.25,1540331.25,1773581.25,2648268.75,3056456.25,0.0001,0.533622222222222,0.533622222222222,0.533622222222222,0.533622222222222,0.533622222222222,0.530366666666667,0.535222222222222,0.535222222222222
283,0,0,0,1073831.25,1307081.25,1540331.25,1773581.25,2648268.75,3056456.25,0.0001,0.509385714285714,0.509385714285714,0.509385714285714,0.509385714285714,0.509385714285714,0.5063,0.510928571428571,0.510928571428571
284,0,0,0,715887.5,871387.5,1026887.5,1182387.5,1765512.5,2037637.5,0.0001,0.508028571428571,0.508028571428571,0.508028571428571,0.508028571428571,0.508028571428571,0.504957142857143,0.509585714285714,0.509557142857143
285,0,0,0,1073831.25,1307081.25,1540331.25,1773581.25,2648268.75,3056456.25,0.0001,0.561421428571429,0.561421428571429,0.561421428571429,0.561421428571429,0.561421428571429,0.558014285714286,0.563135714285714,0.563114285714286
286,0,0,0,715887.5,871387.5,1026887.5,1182387.5,1765512.5,2037637.5,0.0001,0.557523076923077,0.557523076923077,0.557523076923077,0.557523076923077,0.557523076923077,0.554138461538462,0.559215384615385,0.559215384615385
287,0,0,0,715887.5,871387.5,1026887.5,1182387.5,1765512.5,2037637.5,0.0001,0.501971428571429,0.501971428571429,0.501971428571429,0.501971428571429,0.501971428571429,0.498928571428571,0.5035,0.5035
288,0,0,0,357943.75,435693.75,513443.75,591193.75,882756.25,1018818.75,0.0001,0.559115384615385,0.559115384615385,0.559115384615385,0.559115384615385,0.559115384615385,0.555715384615385,0.560815384615385,0.560807692307692
289,0,0,0,1073831.25,1307081.25,1540331.25,1773581.25,2648268.75,3056456.25,0.0001,0.503142857142857,0.503142857142857,0.503142857142857,0.503142857142857,0.503142857142857,0.5001,0.504671428571429,0.504657142857143
290,0,0,0,1073831.25,1307081.25,1540331.25,1773581.25,2648268.75,3056456.25,0.0001,0.535722222222222,0.535722222222222,0.535722222222222,0.535722222222222,0.535722222222222,0.532466666666667,0.537355555555556,0.537322222222222
291,0,0,0,715887.5,871387.5,1026887.5,1182387.5,1765512.5,2037637.5,0.0001,0.554925,0.554925,0.554925,0.554925,0.554925,0.55155,0.556608333333333,0.556591666666667
292,0,0,0,1073831.25,1307081.25,1540331.25,1773581.25,2648268.75,3056456.25,0.0001,0.548181818181818,0.548181818181818,0.548181818181818,0.548181818181818,0.548181818181818,0.544845454545455,0.549845454545455,0.549836363636364
293,0,0,0,357943.75,435693.75,513443.75,591193.75,882756.25,1018818.75,0.0001,0.551518181818182,0.551518181818182,0.551518181818182,0.551518181818182,0.551518181818182,0.548163636363636,0.553181818181818,0.553181818181818
294,0,0,0,357943.75,435693.75,513443.75,591193.75,882756.25,1018818.75,0.0001,0.5237125,0.5237125,0.5237125,0.5237125,0.5237125,0.52055,0.5253125,0.5252875
295,0,0,0,715887.5,871387.5,1026887.5,1182387.5,1765512.5,2037637.5,0.0001,0.5322,0.5322,0.5322,0.5322,0.5322,0.528966666666667,0.533811111111111,0.5338
296,0,0,0,715887.5,871387.5,1026887.5,1182387.5,1765512.5,2037637.5,0.0001,0.549718181818182,0.549718181818182,0.549718181818182,0.549718181818182,0.549718181818182,0.546381818181818,0.551390909090909,0.551372727272727
297,0,0,0,1073831.25,1307081.25,1540331.25,1773581.25,2648268.75,3056456.25,0.0001,0.550536363636364,0.550536363636364,0.550536363636364,0.550536363636364,0.550536363636364,0.547190909090909,0.552209090909091,0.552190909090909
298,0,0,0,1073831.25,1307081.25,1540331.25,1773581.25,2648268.75,3056456.25,0.0001,0.525525,0.525525,0.525525,0.525525,0.525525,0.5223625,0.5271375,0.5271125
299,0,0,0,357943.75,435693.75,513443.75,591193.75,882756.25,1018818.75,0.0001,0.551072727272727,0.551072727272727,0.551072727272727,0.551072727272727,0.551072727272727,0.547736363636364,0.552745454545455,0.552727272727273
300,0,0,0,357943.75,435693.75,513443.75,591193.75,882756.25,1018818.75,0.0001,0.564773333333333,0.564773333333333,0.564773333333333,0.564773333333333,0.564773333333333,0.56134,0.566486666666667,0.56648
301,0,0,0,715887.5,871387.5,1026887.5,1182387.5,1765512.5,2037637.5,0.0001,0.507371428571429,0.507371428571429,0.507371428571429,0.507371428571429,0.507371428571429,0.504285714285714,0.5089,0.5089
302,0,0,0,715887.5,871387.5,1026887.5,1182387.5,1765512.5,2037637.5,0.0001,0.534733333333333,0.534733333333333,0.534733333333333,0.534733333333333,0.534733333333333,0.5315,0.536355555555556,0.536355555555556
303,0,0,0,715887.5,871387.5,1026887.5,1182387.5,1765512.5,2037637.5,0.0001,0.533433333333333,0.533433333333333,0.533433333333333,0.533433333333333,0.533433333333333,0.530211111111111,0.535055555555556,0.535055555555556
304,0,0,0,1073831.25,1307081.25,1540331.25,1773581.25,2648268.75,3056456.25,0.0001,0.551154545454545,0.551154545454545,0.551154545454545,0.551154545454545,0.551154545454545,0.547809090909091,0.552827272727273,0.552809090909091
305,0,0,0,1073831.25,1307081.25,1540331.25,1773581.25,2648268.75,3056456.25,0.0001,0.560015384615385,0.560015384615385,0.560015384615385,0.560015384615385,0.560015384615385,0.556615384615385,0.561715384615385,0.561707692307692
306,0,0,0,1073831.25,1307081.25,1540331.25,1773581.25,2648268.75,3056456.25,0.0001,0.553066666666667,0.553066666666667,0.553066666666667,0.553066666666667,0.553066666666667,0.549725,0.55475,0.554741666666667
307,0,0,0,1073831.25,1307081.25,1540331.25,1773581.25,2648268.75,3056456.25,0.0001,0.563206666666667,0.563206666666667,0.563206666666667,0.563206666666667,0.563206666666667,0.559793333333333,0.56492,0.564913333333333
308,0,0,0,715887.5,871387.5,1026887.5,1182387.5,1765512.5,2037637.5,0.0001,0.555183333333333,0.555183333333333,0.555183333333333,0.555183333333333,0.555183333333333,0.551816666666667,0.556875,0.556866666666667
309,0,0,0,357943.75,435693.75,513443.75,591193.75,882756.25,1018818.75,0.0001,0.500957142857143,0.500957142857143,0.500957142857143,0.500957142857143,0.500957142857143,0.497914285714286,0.502471428571429,0.502442857142857
310,0,0,0,357943.75,435693.75,513443.75,591193.75,882756.25,1018818.75,0.0001,0.561364285714286,0.561364285714286,0.561364285714286,0.561364285714286,0.561364285714286,0.55795,0.563071428571429,0.563064285714286
311,0,0,0,715887.5,871387.5,1026887.5,1182387.5,1765512.5,2037637.5,0.0001,0.561892857142857,0.561892857142857,0.561892857142857,0.561892857142857,0.561892857142857,0.558485714285714,0.563607142857143,0.563585714285714
312,0,0,0,1073831.25,1307081.25,1540331.25,1773581.25,2648268.75,3056456.25,0.0001,0.498814285714286,0.498814285714286,0.498814285714286,0.498814285714286,0.498814285714286,0.495785714285714,0.500314285714286,0.5003
313,0,0,0,1073831.25,1307081.25,1540331.25,1773581.25,2648268.75,3056456.25,0.0001,0.5214375,0.5214375,0.5214375,0.5214375,0.5214375,0.518275,0.5230125,0.523
314,0,0,0,1073831.25,1307081.25,1540331.25,1773581.25,2648268.75,3056456.25,0.0001,0.54477,0.54477,0.54477,0.54477,0.54477,0.54145,0.54641,0.5464
315,0,0,0,1073831.25,1307081.25,1540331.25,1773581.25,2648268.75,3056456.25,0.0001,0.521025,0.521025,0.521025,0.521025,0.521025,0.517875,0.5226125,0.5226
316,0,0,0,357943.75,435693.75,513443.75,591193.75,882756.25,1018818.75,0.0001,0.517225,0.517225,0.517225,0.517225,0.517225,0.5140875,0.5188,0.518775
317,0,0,0,715887.5,871387.5,1026887.5,1182387.5,1765512.5,2037637.5,0.0001,0.54005,0.54005,0.54005,0.54005,0.54005,0.53678,0.5417,0.54168
318,0,0,0,357943.75,435693.75,513443.75,591193.75,882756.25,1018818.75,0.0001,0.562078571428571,0.562078571428571,0.562078571428571,0.562078571428571,0.562078571428571,0.558671428571429,0.563792857142857,0.563785714285714
319,0,0,0,1073831.25,1307081.25,1540331.25,1773581.25,2648268.75,3056456.25,0.0001,0.561692857142857,0.561692857142857,0.561692857142857,0.561692857142857,0.561692857142857,0.558278571428571,0.5634,0.563385714285714
320,0,0,0,357943.75,435693.75,513443.75,591193.75,882756.25,1018818.75,0.0001,0.557261538461538,0.557261538461538,0.557261538461538,0.557261538461538,0.557261538461538,0.553869230769231,0.558946153846154,0.558938461538461
321,0,0,0,715887.5,871387.5,1026887.5,1182387.5,1765512.5,2037637.5,0.0001,0.499071428571429,0.499071428571429,0.499071428571429,0.499071428571429,0.499071428571429,0.496042857142857,0.500585714285714,0.500557142857143
322,0,0,0,715887.5,871387.5,1026887.5,1182387.5,1765512.5,2037637.5,0.0001,0.524325,0.524325,0.524325,0.524325,0.524325,0.5211625,0.5259375,0.5259125
323,0,0,0,1073831.25,1307081.25,1540331.25,1773581.25,2648268.75,3056456.25,0.0001,0.5251875,0.5251875,0.5251875,0.5251875,0.5251875,0.5220125,0.526775,0.526775
324,0,0,0,357943.75,435693.75,513443.75,591193.75,882756.25,1018818.75,0.0001,0.552991666666667,0.552991666666667,0.552991666666667,0.552991666666667,0.552991666666667,0.549633333333333,0.554675,0.554666666666667
325,0,0,0,357943.75,435693.75,513443.75,591193.75,882756.25,1018818.75,0.0001,0.509057142857143,0.509057142857143,0.509057142857143,0.509057142857143,0.509057142857143,0.505957142857143,0.5106,0.510571428571429
326,0,0,0,357943.75,435693.75,513443.75,591193.75,882756.25,1018818.75,0.0001,0.505242857142857,0.505242857142857,0.505242857142857,0.505242857142857,0.505242857142857,0.502185714285714,0.506757142857143,0.506757142857143
327,0,0,0,1073831.25,1307081.25,1540331.25,1773581.25,2648268.75,3056456.25,0.0001,0.534755555555556,0.534755555555556,0.534755555555556,0.534755555555556,0.534755555555556,0.5315,0.536377777777778,0.536355555555556
328,0,0,0,357943.75,435693.75,513443.75,591193.75,882756.25,1018818.75,0.0001,0.562442857142857,0.562442857142857,0.562442857142857,0.562442857142857,0.562442857142857,0.559028571428571,0.56415,0.564142857142857
329,0,0,0,1073831.25,1307081.25,1540331.25,1773581.25,2648268.75,3056456.25,0.0001,0.548954545454545,0.548954545454545,0.548954545454545,0.548954545454545,0.548954545454545,0.545627272727273,0.550627272727273,0.550609090909091
330,0,0,0,1073831.25,1307081.25,1540331.25,1773581.25,2648268.75,3056456.25,0.0001,0.531622222222222,0.531622222222222,0.531622222222222,0.531622222222222,0.531622222222222,0.528388888888889,0.533222222222222,0.533211111111111
331,0,0,0,715887.5,871387.5,1026887.5,1182387.5,1765512.5,2037637.5,0.0001,0.54317,0.54317,0.54317,0.54317,0.54317,0.53988,0.54481,0.54481
332,0,0,0,715887.5,871387.5,1026887.5,1182387.5,1765512.5,2037637.5,0.0001,0.554391666666667,0.554391666666667,0.554391666666667,0.554391666666667,0.554391666666667,0.551033333333333,0.556083333333333,0.556075
333,0,0,0,357943.75,435693.75,513443.75,591193.75,882756.25,1018818.75,0.0001,0.5169375,0.5169375,0.5169375,0.5169375,0.5169375,0.5137875,0.5185,0.5184875
334,0,0,0,357943.75,435693.75,513443.75,591193.75,882756.25,1018818.75,0.0001,0.499028571428571,0.499028571428571,0.499028571428571,0.499028571428571,0.499028571428571,0.496014285714286,0.500557142857143,0.500542857142857
335,0,0,0,1073831.25,1307081.25,1540331.25,1773581.25,2648268.75,3056456.25,0.0001,0.56275,0.56275,0.56275,0.56275,0.56275,0.559328571428571,0.564457142857143,0.56445
336,0,0,0,715887.5,871387.5,1026887.5,1182387.5,1765512.5,2037637.5,0.0001,0.55315,0.55315,0.55315,0.55315,0.55315,0.5498,0.554825,0.554825
337,0,0,0,357943.75,435693.75,513443.75,591193.75,882756.25,1018818.75,0.0001,0.547545454545455,0.547545454545455,0.547545454545455,0.547545454545455,0.547545454545455,0.544218181818182,0.5492,0.549190909090909
338,0,0,0,715887.5,871387.5,1026887.5,1182387.5,1765512.5,2037637.5,0.0001,0.560685714285714,0.560685714285714,0.560685714285714,0.560685714285714,0.560685714285714,0.557285714285714,0.5624,0.562378571428571
339,0,0,0,357943.75,435693.75,513443.75,591193.75,882756.25,1018818.75,0.0001,0.563653333333333,0.563653333333333,0.563653333333333,0.563653333333333,0.563653333333333,0.560233333333333,0.565366666666667,0.56536
340,0,0,0,715887.5,871387.5,1026887.5,1182387.5,1765512.5,2037637.5,0.0001,0.55525,0.55525,0.55525,0.55525,0.55525,0.551883333333333,0.556941666666667,0.556925
341,0,0,0,357943.75,435693.75,513443.75,591193.75,882756.25,1018818.75,0.0001,0.54225,0.54225,0.54225,0.54225,0.54225,0.53897,0.54391,0.54388
342,0,0,0,1073831.25,1307081.25,1540331.25,1773581.25,2648268.75,3056456.25,0.0001,0.559476923076923,0.559476923076923,0.559476923076923,0.559476923076923,0.559476923076923,0.556084615384615,0.561176923076923,0.561161538461538
343,0,0,0,1073831.25,1307081.25,1540331.25,1773581.25,2648268.75,3056456.25,0.0001,0.518275,0.518275,0.518275,0.518275,0.518275,0.5151375,0.51985,0.5198375
344,0,0,0,715887.5,871387.5,1026887.5,1182387.5,1765512.5,2037637.5,0.0001,0.534722222222222,0.534722222222222,0.534722222222222,0.534722222222222,0.534722222222222,0.531477777777778,0.536355555555556,0.536333333333333
345,0,0,0,1073831.25,1307081.25,1540331.25,1773581.25,2648268.75,3056456.25,0.0001,0.5446,0.5446,0.5446,0.5446,0.5446,0.5413,0.54626,0.54625
346,0,0,0,1073831.25,1307081.25,1540331.25,1773581.25,2648268.75,3056456.25,0.0001,0.553666666666667,0.553666666666667,0.553666666666667,0.553666666666667,0.553666666666667,0.550308333333333,0.55535,0.555341666666667
347,0,0,0,715887.5,871387.5,1026887.5,1182387.5,1765512.5,2037637.5,0.0001,0.54546,0.54546,0.54546,0.54546,0.54546,0.54216,0.54713,0.5471
348,0,0,0,357943.75,435693.75,513443.75,591193.75,882756.25,1018818.75,0.0001,0.563007142857143,0.563007142857143,0.563007142857143,0.563007142857143,0.563007142857143,0.559592857142857,0.564721428571429,0.564707142857143
349,0,0,0,357943.75,435693.75,513443.75,591193.75,882756.25,1018818.75,0.0001,0.54399,0.54399,0.54399,0.54399,0.54399,0.54069,0.54564,0.54563
350,0,0,0,357943.75,435693.75,513443.75,591193.75,882756.25,1018818.75,0.0001,0.559346153846154,0.559346153846154,0.559346153846154,0.559346153846154,0.559346153846154,0.555953846153846,0.561053846153846,0.561038461538461
351,0,0,0,715887.5,871387.5,1026887.5,1182387.5,1765512.5,2037637.5,0.0001,0.532688888888889,0.532688888888889,0.532688888888889,0.532688888888889,0.532688888888889,0.529466666666667,0.534322222222222,0.534311111111111
352,0,0,0,1073831.25,1307081.25,1540331.25,1773581.25,2648268.75,3056456.25,0.0001,0.505142857142857,0.505142857142857,0.505142857142857,0.505142857142857,0.505142857142857,0.502071428571429,0.506671428571429,0.506642857142857
353,0,0,0,357943.75,435693.75,513443.75,591193.75,882756.25,1018818.75,0.0001,0.54354,0.54354,0.54354,0.54354,0.54354,0.54024,0.5452,0.54518
354,0,0,0,357943.75,435693.75,513443.75,591193.75,882756.25,1018818.75,0.0001,0.565046666666667,0.565046666666667,0.565046666666667,0.565046666666667,0.565046666666667,0.561613333333333,0.566766666666667,0.566753333333333
355,0,0,0,357943.75,435693.75,513443.75,591193.75,882756.25,1018818.75,0.0001,0.503542857142857,0.503542857142857,0.503542857142857,0.503542857142857,0.503542857142857,0.500485714285714,0.505085714285714,0.505042857142857
356,0,0,0,357943.75,435693.75,513443.75,591193.75,882756.25,1018818.75,0.0001,0.532133333333333,0.532133333333333,0.532133333333333,0.532133333333333,0.532133333333333,0.528888888888889,0.533744444444444,0.533733333333333
357,0,0,0,715887.5,871387.5,1026887.5,1182387.5,1765512.5,2037637.5,0.0001,0.530255555555556,0.530255555555556,0.530255555555556,0.530255555555556,0.530255555555556,0.527033333333333,0.531855555555556,0.531855555555556
358,0,0,0,715887.5,871387.5,1026887.5,1182387.5,1765512.5,2037637.5,0.0001,0.56215,0.56215,0.56215,0.56215,0.56215,0.558742857142857,0.563857142857143,0.56385
359,0,0,0,1073831.25,1307081.25,1540331.25,1773581.25,2648268.75,3056456.25,0.0001,0.533722222222222,0.533722222222222,0.533722222222222,0.533722222222222,0.533722222222222,0.5305,0.535355555555556,0.535333333333333
360,0,0,0,715887.5,871387.5,1026887.5,1182387.5,1765512.5,2037637.5,0.0001,0.497042857142857,0.497042857142857,0.497042857142857,0.497042857142857,0.497042857142857,0.494028571428571,0.498542857142857,0.498528571428571
361,0,0,0,1073831.25,1307081.25,1540331.25,1773581.25,2648268.75,3056456.25,0.0001,0.547254545454545,0.547254545454545,0.547254545454545,0.547254545454545,0.547254545454545,0.543927272727273,0.548918181818182,0.5489
362,0,0,0,1073831.25,1307081.25,1540331.25,1773581.25,2648268.75,3056456.25,0.0001,0.561807142857143,0.561807142857143,0.561807142857143,0.561807142857143,0.561807142857143,0.5584,0.563521428571429,0.5635
363,0,0,0,1073831.25,1307081.25,1540331.25,1773581.25,2648268.75,3056456.25,0.0001,0.54576,0.54576,0.54576,0.54576,0.54576,0.54246,0.54742,0.54741
364,0,0,0,715887.5,871387.5,1026887.5,1182387.5,1765512.5,2037637.5,0.0001,0.534588888888889,0.534588888888889,0.534588888888889,0.534588888888889,0.534588888888889,0.531344444444444,0.536222222222222,0.536188888888889
365,0,0,0,357943.75,435693.75,513443.75,591193.75,882756.25,1018818.75,0.0001,0.500385714285714,0.500385714285714,0.500385714285714,0.500385714285714,0.500385714285714,0.497342857142857,0.501885714285714,0.501885714285714
366,0,0,0,1073831.25,1307081.25,1540331.25,1773581.25,2648268.75,3056456.25,0.0001,0.530155555555556,0.530155555555556,0.530155555555556,0.530155555555556,0.530155555555556,0.526933333333333,0.531755555555556,0.531755555555556
367,0,0,0,715887.5,871387.5,1026887.5,1182387.5,1765512.5,2037637.5,0.0001,0.561542857142857,0.561542857142857,0.561542857142857,0.561542857142857,0.561542857142857,0.558128571428571,0.56325,0.563235714285714
368,0,0,0,715887.5,871387.5,1026887.5,1182387.5,1765512.5,2037637.5,0.0001,0.54462,0.54462,0.54462,0.54462,0.54462,0.54132,0.54629,0.54627
369,0,0,0,1073831.25,1307081.25,1540331.25,1773581.25,2648268.75,3056456.25,0.0001,0.52015,0.52015,0.52015,0.52015,0.52015,0.517,0.5217375,0.5217125
370,0,0,0,1073831.25,1307081.25,1540331.25,1773581.25,2648268.75,3056456.25,0.0001,0.54347,0.54347,0.54347,0.54347,0.54347,0.54017,0.54512,0.54512
371,0,0,0,715887.5,871387.5,1026887.5,1182387.5,1765512.5,2037637.5,0.0001,0.532311111111111,0.532311111111111,0.532311111111111,0.532311111111111,0.532311111111111,0.529088888888889,0.533922222222222,0.533922222222222
372,0,0,0,1073831.25,1307081.25,1540331.25,1773581.25,2648268.75,3056456.25,0.0001,0.555441666666667,0.555441666666667,0.555441666666667,0.555441666666667,0.555441666666667,0.552058333333333,0.557133333333333,0.557116666666667
373,0,0,0,715887.5,871387.5,1026887.5,1182387.5,1765512.5,2037637.5,0.0001,0.53993,0.53993,0.53993,0.53993,0.53993,0.53666,0.54158,0.54156
374,0,0,0,357943.75,435693.75,513443.75,591193.75,882756.25,1018818.75,0.0001,0.504428571428571,0.504428571428571,0.504428571428571,0.504428571428571,0.504428571428571,0.501385714285714,0.505957142857143,0.505957142857143
375,0,0,0,715887.5,871387.5,1026887.5,1182387.5,1765512.5,2037637.5,0.0001,0.5216625,0.5216625,0.5216625,0.5216625,0.5216625,0.5185,0.5232375,0.5232375
376,0,0,0,1073831.25,1307081.25,1540331.25,1773581.25,2648268.75,3056456.25,0.0001,0.558969230769231,0.558969230769231,0.558969230769231,0.558969230769231,0.558969230769231,0.555576923076923,0.560669230769231,0.560653846153846
377,0,0,0,357943.75,435693.75,513443.75,591193.75,882756.25,1018818.75,0.0001,0.507814285714286,0.507814285714286,0.507814285714286,0.507814285714286,0.507814285714286,0.504728571428571,0.509342857142857,0.509342857142857
378,0,0,0,357943.75,435693.75,513443.75,591193.75,882756.25,1018818.75,0.0001,0.552118181818182,0.552118181818182,0.552118181818182,0.552118181818182,0.552118181818182,0.548763636363636,0.553790909090909,0.553781818181818
379,0,0,0,357943.75,435693.75,513443.75,591193.75,882756.25,1018818.75,0.0001,0.559092307692308,0.559092307692308,0.559092307692308,0.559092307692308,0.559092307692308,0.5557,0.560792307692308,0.560784615384615
380,0,0,0,715887.5,871387.5,1026887.5,1182387.5,1765512.5,2037637.5,0.0001,0.557961538461539,0.557961538461539,0.557961538461539,0.557961538461539,0.557961538461539,0.554576923076923,0.559661538461538,0.559646153846154
381,0,0,0,357943.75,435693.75,513443.75,591193.75,882756.25,1018818.75,0.0001,0.559646153846154,0.559646153846154,0.559646153846154,0.559646153846154,0.559646153846154,0.556253846153846,0.561346153846154,0.561346153846154
382,0,0,0,357943.75,435693.75,513443.75,591193.75,882756.25,1018818.75,0.0001,0.559138461538462,0.559138461538462,0.559138461538462,0.559138461538462,0.559138461538462,0.555738461538462,0.560838461538462,0.560830769230769
383,0,0,0,1073831.25,1307081.25,1540331.25,1773581.25,2648268.75,3056456.25,0.0001,0.549127272727273,0.549127272727273,0.549127272727273,0.549127272727273,0.549127272727273,0.545790909090909,0.5508,0.550790909090909
384,0,0,0,1073831.25,1307081.25,1540331.25,1773581.25,2648268.75,3056456.25,0.0001,0.535566666666667,0.535566666666667,0.535566666666667,0.535566666666667,0.535566666666667,0.532333333333333,0.5372,0.537188888888889
385,0,0,0,1073831.25,1307081.25,1540331.25,1773581.25,2648268.75,3056456.25,0.0001,0.548018181818182,0.548018181818182,0.548018181818182,0.548018181818182,0.548018181818182,0.544690909090909,0.549681818181818,0.549663636363636
386,0,0,0,715887.5,871387.5,1026887.5,1182387.5,1765512.5,2037637.5,0.0001,0.561521428571429,0.561521428571429,0.561521428571429,0.561521428571429,0.561521428571429,0.558114285714286,0.563228571428571,0.563221428571429
387,0,0,0,357943.75,435693.75,513443.75,591193.75,882756.25,1018818.75,0.0001,0.5588,0.5588,0.5588,0.5588,0.5588,0.555407692307692,0.5605,0.560484615384615
388,0,0,0,1073831.25,1307081.25,1540331.25,1773581.25,2648268.75,3056456.25,0.0001,0.5204875,0.5204875,0.5204875,0.5204875,0.5204875,0.517325,0.522075,0.5220375
389,0,0,0,1073831.25,1307081.25,1540331.25,1773581.25,2648268.75,3056456.25,0.0001,0.560230769230769,0.560230769230769,0.560230769230769,0.560230769230769,0.560230769230769,0.556830769230769,0.561930769230769,0.561923076923077
390,0,0,0,1073831.25,1307081.25,1540331.25,1773581.25,2648268.75,3056456.25,0.0001,0.55415,0.55415,0.55415,0.55415,0.55415,0.550791666666667,0.555841666666667,0.555833333333333
391,0,0,0,715887.5,871387.5,1026887.5,1182387.5,1765512.5,2037637.5,0.0001,0.551409090909091,0.551409090909091,0.551409090909091,0.551409090909091,0.551409090909091,0.548054545454545,0.553072727272727,0.553072727272727
392,0,0,0,1073831.25,1307081.25,1540331.25,1773581.25,2648268.75,3056456.25,0.0001,0.548354545454546,0.548354545454546,0.548354545454546,0.548354545454546,0.548354545454546,0.545027272727273,0.550018181818182,0.550009090909091
393,0,0,0,357943.75,435693.75,513443.75,591193.75,882756.25,1018818.75,0.0001,0.547827272727273,0.547827272727273,0.547827272727273,0.547827272727273,0.547827272727273,0.544509090909091,0.5495,0.549481818181818
394,0,0,0,1073831.25,1307081.25,1540331.25,1773581.25,2648268.75,3056456.25,0.0001,0.534733333333333,0.534733333333333,0.534733333333333,0.534733333333333,0.534733333333333,0.5315,0.536355555555556,0.536355555555556
395,0,0,0,1073831.25,1307081.25,1540331.25,1773581.25,2648268.75,3056456.25,0.0001,0.54465,0.54465,0.54465,0.54465,0.54465,0.54135,0.54631,0.54629
396,0,0,0,357943.75,435693.75,513443.75,591193.75,882756.25,1018818.75,0.0001,0.531655555555556,0.531655555555556,0.531655555555556,0.531655555555556,0.531655555555556,0.528422222222222,0.533255555555555,0.533244444444444
397,0,0,0,1073831.25,1307081.25,1540331.25,1773581.25,2648268.75,3056456.25,0.0001,0.558630769230769,0.558630769230769,0.558630769230769,0.558630769230769,0.558630769230769,0.555238461538462,0.560323076923077,0.560323076923077
398,0,0,0,1073831.25,1307081.25,1540331.25,1773581.25,2648268.75,3056456.25,0.0001,0.562921428571429,0.562921428571429,0.562921428571429,0.562921428571429,0.562921428571429,0.559507142857143,0.564635714285714,0.564628571428571
399,0,0,0,1073831.25,1307081.25,1540331.25,1773581.25,2648268.75,3056456.25,0.0001,0.562564285714286,0.562564285714286,0.562564285714286,0.562564285714286,0.562564285714286,0.55915,0.564271428571429,0.564257142857143
400,0,0,0,1073831.25,1307081.25,1540331.25,1773581.25,2648268.75,3056456.25,0.0001,0.557723076923077,0.557723076923077,0.557723076923077,0.557723076923077,0.557723076923077,0.554330769230769,0.559415384615385,0.5594
401,0,0,0,1073831.25,1307081.25,1540331.25,1773581.25,2648268.75,3056456.25,0.0001,0.557761538461539,0.557761538461539,0.557761538461539,0.557761538461539,0.557761538461539,0.554376923076923,0.559453846153846,0.559446153846154
402,0,0,0,357943.75,435693.75,513443.75,591193.75,882756.25,1018818.75,0.0001,0.557407692307692,0.557407692307692,0.557407692307692,0.557407692307692,0.557407692307692,0.554023076923077,0.5591,0.559092307692308
403,0,0,0,357943.75,435693.75,513443.75,591193.75,882756.25,1018818.75,0.0001,0.560092307692308,0.560092307692308,0.560092307692308,0.560092307692308,0.560092307692308,0.5567,0.561807692307692,0.561784615384615
404,0,0,0,715887.5,871387.5,1026887.5,1182387.5,1765512.5,2037637.5,0.0001,0.531588888888889,0.531588888888889,0.531588888888889,0.531588888888889,0.531588888888889,0.528366666666667,0.5332,0.533188888888889
405,0,0,0,715887.5,871387.5,1026887.5,1182387.5,1765512.5,2037637.5,0.0001,0.5166,0.5166,0.5166,0.5166,0.5166,0.5134625,0.518175,0.5181625
406,0,0,0,1073831.25,1307081.25,1540331.25,1773581.25,2648268.75,3056456.25,0.0001,0.549772727272727,0.549772727272727,0.549772727272727,0.549772727272727,0.549772727272727,0.546445454545455,0.551445454545455,0.551436363636364
407,0,0,0,1073831.25,1307081.25,1540331.25,1773581.25,2648268.75,3056456.25,0.0001,0.557861538461539,0.557861538461539,0.557861538461539,0.557861538461539,0.557861538461539,0.554469230769231,0.559553846153846,0.559546153846154
408,0,0,0,1073831.25,1307081.25,1540331.25,1773581.25,2648268.75,3056456.25,0.0001,0.564066666666667,0.564066666666667,0.564066666666667,0.564066666666667,0.564066666666667,0.56064,0.56578,0.565773333333333
409,0,0,0,715887.5,871387.5,1026887.5,1182387.5,1765512.5,2037637.5,0.0001,0.504257142857143,0.504257142857143,0.504257142857143,0.504257142857143,0.504257142857143,0.5012,0.505785714285714,0.505785714285714
410,0,0,0,715887.5,871387.5,1026887.5,1182387.5,1765512.5,2037637.5,0.0001,0.504857142857143,0.504857142857143,0.504857142857143,0.504857142857143,0.504857142857143,0.501814285714286,0.506385714285714,0.506385714285714
411,0,0,0,1073831.25,1307081.25,1540331.25,1773581.25,2648268.75,3056456.25,0.0001,0.501885714285714,0.501885714285714,0.501885714285714,0.501885714285714,0.501885714285714,0.498857142857143,0.503428571428571,0.503414285714286
412,0,0,0,715887.5,871387.5,1026887.5,1182387.5,1765512.5,2037637.5,0.0001,0.508371428571429,0.508371428571429,0.508371428571429,0.508371428571429,0.508371428571429,0.505285714285714,0.5099,0.509885714285714
413,0,0,0,1073831.25,1307081.25,1540331.25,1773581.25,2648268.75,3056456.25,0.0001,0.54546,0.54546,0.54546,0.54546,0.54546,0.54216,0.54713,0.54711
414,0,0,0,357943.75,435693.75,513443.75,591193.75,882756.25,1018818.75,0.0001,0.565073333333333,0.565073333333333,0.565073333333333,0.565073333333333,0.565073333333333,0.56164,0.566786666666667,0.566773333333333
415,0,0,0,715887.5,871387.5,1026887.5,1182387.5,1765512.5,2037637.5,0.0001,0.550127272727273,0.550127272727273,0.550127272727273,0.550127272727273,0.550127272727273,0.5468,0.551809090909091,0.551790909090909
416,0,0,0,715887.5,871387.5,1026887.5,1182387.5,1765512.5,2037637.5,0.0001,0.509328571428571,0.509328571428571,0.509328571428571,0.509328571428571,0.509328571428571,0.506257142857143,0.510871428571429,0.510871428571429
417,0,0,0,715887.5,871387.5,1026887.5,1182387.5,1765512.5,2037637.5,0.0001,0.54001,0.54001,0.54001,0.54001,0.54001,0.53674,0.54165,0.54164
418,0,0,0,1073831.25,1307081.25,1540331.25,1773581.25,2648268.75,3056456.25,0.0001,0.5184875,0.5184875,0.5184875,0.5184875,0.5184875,0.51535,0.5200625,0.52005
419,0,0,0,1073831.25,1307081.25,1540331.25,1773581.25,2648268.75,3056456.25,0.0001,0.5257125,0.5257125,0.5257125,0.5257125,0.5257125,0.5225125,0.5273,0.5272875
420,0,0,0,1073831.25,1307081.25,1540331.25,1773581.25,2648268.75,3056456.25,0.0001,0.553891666666667,0.553891666666667,0.553891666666667,0.553891666666667,0.553891666666667,0.550525,0.555575,0.555575
421,0,0,0,715887.5,871387.5,1026887.5,1182387.5,1765512.5,2037637.5,0.0001,0.4971,0.4971,0.4971,0.4971,0.4971,0.494085714285714,0.498614285714286,0.498614285714286
422,0,0,0,715887.5,871387.5,1026887.5,1182387.5,1765512.5,2037637.5,0.0001,0.561771428571429,0.561771428571429,0.561771428571429,0.561771428571429,0.561771428571429,0.558357142857143,0.563478571428571,0.563471428571429
423,0,0,0,357943.75,435693.75,513443.75,591193.75,882756.25,1018818.75,0.0001,0.564026666666667,0.564026666666667,0.564026666666667,0.564026666666667,0.564026666666667,0.560606666666667,0.56574,0.565733333333333
424,0,0,0,1073831.25,1307081.25,1540331.25,1773581.25,2648268.75,3056456.25,0.0001,0.561992857142857,0.561992857142857,0.561992857142857,0.561992857142857,0.561992857142857,0.558578571428571,0.563692857142857,0.563692857142857
425,0,0,0,715887.5,871387.5,1026887.5,1182387.5,1765512.5,2037637.5,0.0001,0.534977777777778,0.534977777777778,0.534977777777778,0.534977777777778,0.534977777777778,0.531733333333333,0.5366,0.536588888888889
426,0,0,0,715887.5,871387.5,1026887.5,1182387.5,1765512.5,2037637.5,0.0001,0.547145454545455,0.547145454545455,0.547145454545455,0.547145454545455,0.547145454545455,0.543827272727273,0.548809090909091,0.5488
427,0,0,0,357943.75,435693.75,513443.75,591193.75,882756.25,1018818.75,0.0001,0.559007692307692,0.559007692307692,0.559007692307692,0.559007692307692,0.559007692307692,0.555623076923077,0.5607,0.5607
428,0,0,0,1073831.25,1307081.25,1540331.25,1773581.25,2648268.75,3056456.25,0.0001,0.5238375,0.5238375,0.5238375,0.5238375,0.5238375,0.5206625,0.525425,0.525425
429,0,0,0,1073831.25,1307081.25,1540331.25,1773581.25,2648268.75,3056456.25,0.0001,0.561478571428571,0.561478571428571,0.561478571428571,0.561478571428571,0.561478571428571,0.558078571428571,0.563192857142857,0.563178571428571
430,0,0,0,357943.75,435693.75,513443.75,591193.75,882756.25,1018818.75,0.0001,0.552925,0.552925,0.552925,0.552925,0.552925,0.549566666666667,0.554608333333333,0.554591666666667
431,0,0,0,715887.5,871387.5,1026887.5,1182387.5,1765512.5,2037637.5,0.0001,0.550336363636364,0.550336363636364,0.550336363636364,0.550336363636364,0.550336363636364,0.547,0.552018181818182,0.552009090909091
432,0,0,0,357943.75,435693.75,513443.75,591193.75,882756.25,1018818.75,0.0001,0.496185714285714,0.496185714285714,0.496185714285714,0.496185714285714,0.496185714285714,0.493171428571429,0.497685714285714,0.497671428571429
433,0,0,0,357943.75,435693.75,513443.75,591193.75,882756.25,1018818.75,0.0001,0.553016666666667,0.553016666666667,0.553016666666667,0.553016666666667,0.553016666666667,0.549658333333333,0.554691666666667,0.554691666666667
434,0,0,0,1073831.25,1307081.25,1540331.25,1773581.25,2648268.75,3056456.25,0.0001,0.537122222222222,0.537122222222222,0.537122222222222,0.537122222222222,0.537122222222222,0.533866666666667,0.538766666666667,0.538755555555556
435,0,0,0,715887.5,871387.5,1026887.5,1182387.5,1765512.5,2037637.5,0.0001,0.565466666666667,0.565466666666667,0.565466666666667,0.565466666666667,0.565466666666667,0.562033333333333,0.567186666666667,0.567173333333333
436,0,0,0,715887.5,871387.5,1026887.5,1182387.5,1765512.5,2037637.5,0.0001,0.5257625,0.5257625,0.5257625,0.5257625,0.5257625,0.522575,0.5273625,0.52735
437,0,0,0,715887.5,871387.5,1026887.5,1182387.5,1765512.5,2037637.5,0.0001,0.54169,0.54169,0.54169,0.54169,0.54169,0.5384,0.54333,0.54332
438,0,0,0,715887.5,871387.5,1026887.5,1182387.5,1765512.5,2037637.5,0.0001,0.562464285714286,0.562464285714286,0.562464285714286,0.562464285714286,0.562464285714286,0.559042857142857,0.564164285714286,0.564164285714286
439,0,0,0,357943.75,435693.75,513443.75,591193.75,882756.25,1018818.75,0.0001,0.558830769230769,0.558830769230769,0.558830769230769,0.558830769230769,0.558830769230769,0.555438461538462,0.560530769230769,0.560515384615385
440,0,0,0,1073831.25,1307081.25,1540331.25,1773581.25,2648268.75,3056456.25,0.0001,0.529688888888889,0.529688888888889,0.529688888888889,0.529688888888889,0.529688888888889,0.526488888888889,0.5313,0.531288888888889
441,0,0,0,357943.75,435693.75,513443.75,591193.75,882756.25,1018818.75,0.0001,0.561357142857143,0.561357142857143,0.561357142857143,0.561357142857143,0.561357142857143,0.55795,0.563071428571429,0.56305
442,0,0,0,1073831.25,1307081.25,1540331.25,1773581.25,2648268.75,3056456.25,0.0001,0.55415,0.55415,0.55415,0.55415,0.55415,0.550783333333333,0.555841666666667,0.555833333333333
443,0,0,0,715887.5,871387.5,1026887.5,1182387.5,1765512.5,2037637.5,0.0001,0.563214285714286,0.563214285714286,0.563214285714286,0.563214285714286,0.563214285714286,0.5598,0.564921428571429,0.564914285714286
444,0,0,0,715887.5,871387.5,1026887.5,1182387.5,1765512.5,2037637.5,0.0001,0.557192307692308,0.557192307692308,0.557192307692308,0.557192307692308,0.557192307692308,0.553807692307692,0.558884615384615,0.558876923076923
445,0,0,0,715887.5,871387.5,1026887.5,1182387.5,1765512.5,2037637.5,0.0001,0.556125,0.556125,0.556125,0.556125,0.556125,0.552758333333333,0.557808333333333,0.557808333333333
446,0,0,0,357943.75,435693.75,513443.75,591193.75,882756.25,1018818.75,0.0001,0.562878571428571,0.562878571428571,0.562878571428571,0.562878571428571,0.562878571428571,0.559464285714286,0.564592857142857,0.564578571428571
447,0,0,0,715887.5,871387.5,1026887.5,1182387.5,1765512.5,2037637.5,0.0001,0.560292307692308,0.560292307692308,0.560292307692308,0.560292307692308,0.560292307692308,0.5569,0.562,0.561992307692308
448,0,0,0,1073831.25,1307081.25,1540331.25,1773581.25,2648268.75,3056456.25,0.0001,0.563626666666667,0.563626666666667,0.563626666666667,0.563626666666667,0.563626666666667,0.560213333333333,0.56534,0.565333333333333
449,0,0,0,715887.5,871387.5,1026887.5,1182387.5,1765512.5,2037637.5,0.0001,0.5161,0.5161,0.5161,0.5161,0.5161,0.5129625,0.51765,0.51765
450,0,0,0,357943.75,435693.75,513443.75,591193.75,882756.25,1018818.75,0.0001,0.498114285714286,0.498114285714286,0.498114285714286,0.498114285714286,0.498114285714286,0.495085714285714,0.499614285714286,0.4996
451,0,0,0,357943.75,435693.75,513443.75,591193.75,882756.25,1018818.75,0.0001,0.5312,0.5312,0.5312,0.5312,0.5312,0.527966666666667,0.532811111111111,0.532788888888889
452,0,0,0,715887.5,871387.5,1026887.5,1182387.5,1765512.5,2037637.5,0.0001,0.5448,0.5448,0.5448,0.5448,0.5448,0.5415,0.54645,0.54644
453,0,0,0,357943.75,435693.75,513443.75,591193.75,882756.25,1018818.75,0.0001,0.551618181818182,0.551618181818182,0.551618181818182,0.551618181818182,0.551618181818182,0.548272727272727,0.553290909090909,0.553281818181818
454,0,0,0,715887.5,871387.5,1026887.5,1182387.5,1765512.5,2037637.5,0.0001,0.551572727272727,0.551572727272727,0.551572727272727,0.551572727272727,0.551572727272727,0.548227272727273,0.553254545454545,0.553236363636364
455,0,0,0,357943.75,435693.75,513443.75,591193.75,882756.25,1018818.75,0.0001,0.558123076923077,0.558123076923077,0.558123076923077,0.558123076923077,0.558123076923077,0.554738461538462,0.559823076923077,0.559815384615385
456,0,0,0,715887.5,871387.5,1026887.5,1182387.5,1765512.5,2037637.5,0.0001,0.54341,0.54341,0.54341,0.54341,0.54341,0.54011,0.54506,0.54505
457,0,0,0,715887.5,871387.5,1026887.5,1182387.5,1765512.5,2037637.5,0.0001,0.552816666666667,0.552816666666667,0.552816666666667,0.552816666666667,0.552816666666667,0.549458333333333,0.554491666666667,0.554483333333333
458,0,0,0,357943.75,435693.75,513443.75,591193.75,882756.25,1018818.75,0.0001,0.562207142857143,0.562207142857143,0.562207142857143,0.562207142857143,0.562207142857143,0.558792857142857,0.563914285714286,0.5639
459,0,0,0,1073831.25,1307081.25,1540331.25,1773581.25,2648268.75,3056456.25,0.0001,0.556383333333333,0.556383333333333,0.556383333333333,0.556383333333333,0.556375,0.552991666666667,0.558058333333333,0.55805
460,0,0,0,357943.75,435693.75,513443.75,591193.75,882756.25,1018818.75,0.0001,0.535722222222222,0.535722222222222,0.535722222222222,0.535722222222222,0.535722222222222,0.532477777777778,0.537355555555556,0.537344444444444
461,0,0,0,715887.5,871387.5,1026887.5,1182387.5,1765512.5,2037637.5,0.0001,0.560964285714286,0.560964285714286,0.560964285714286,0.560964285714286,0.560964285714286,0.557564285714286,0.562664285714286,0.562657142857143
462,0,0,0,715887.5,871387.5,1026887.5,1182387.5,1765512.5,2037637.5,0.0001,0.548363636363636,0.548363636363636,0.548363636363636,0.548363636363636,0.548363636363636,0.545036363636364,0.550036363636364,0.550018181818182
463,0,0,0,1073831.25,1307081.25,1540331.25,1773581.25,2648268.75,3056456.25,0.0001,0.522075,0.522075,0.522075,0.522075,0.522075,0.5189,0.5236625,0.52365
464,0,0,0,357943.75,435693.75,513443.75,591193.75,882756.25,1018818.75,0.0001,0.534988888888889,0.534988888888889,0.534988888888889,0.534988888888889,0.534988888888889,0.531766666666667,0.536622222222222,0.536611111111111
465,0,0,0,715887.5,871387.5,1026887.5,1182387.5,1765512.5,2037637.5,0.0001,0.54221,0.54221,0.54221,0.54221,0.54221,0.53891,0.54385,0.54384
466,0,0,0,1073831.25,1307081.25,1540331.25,1773581.25,2648268.75,3056456.25,0.0001,0.5176,0.5176,0.5176,0.5176,0.5176,0.514475,0.5191875,0.519175
467,0,0,0,715887.5,871387.5,1026887.5,1182387.5,1765512.5,2037637.5,0.0001,0.559184615384615,0.559184615384615,0.559184615384615,0.559184615384615,0.559184615384615,0.5558,0.5609,0.560884615384615
468,0,0,0,1073831.25,1307081.25,1540331.25,1773581.25,2648268.75,3056456.25,0.0001,0.531255555555556,0.531255555555556,0.531255555555556,0.531255555555556,0.531255555555556,0.528033333333333,0.532888888888889,0.532855555555556
469,0,0,0,1073831.25,1307081.25,1540331.25,1773581.25,2648268.75,3056456.25,0.0001,0.557884615384615,0.557884615384615,0.557884615384615,0.557884615384615,0.557884615384615,0.554492307692308,0.559576923076923,0.559569230769231
470,0,0,0,715887.5,871387.5,1026887.5,1182387.5,1765512.5,2037637.5,0.0001,0.5250375,0.5250375,0.5250375,0.5250375,0.5250375,0.5218625,0.526625,0.526625
471,0,0,0,715887.5,871387.5,1026887.5,1182387.5,1765512.5,2037637.5,0.0001,0.557384615384615,0.557384615384615,0.557384615384615,0.557384615384615,0.557384615384615,0.554007692307692,0.559084615384615,0.559076923076923
472,0,0,0,715887.5,871387.5,1026887.5,1182387.5,1765512.5,2037637.5,0.0001,0.548781818181818,0.548781818181818,0.548781818181818,0.548781818181818,0.548781818181818,0.545454545454545,0.550454545454545,0.550445454545455
473,0,0,0,715887.5,871387.5,1026887.5,1182387.5,1765512.5,2037637.5,0.0001,0.564133333333333,0.564133333333333,0.564133333333333,0.564133333333333,0.564133333333333,0.560713333333333,0.565853333333333,0.565846666666667
474,0,0,0,357943.75,435693.75,513443.75,591193.75,882756.25,1018818.75,0.0001,0.5457,0.5457,0.5457,0.5457,0.5457,0.5424,0.54737,0.54735
475,0,0,0,1073831.25,1307081.25,1540331.25,1773581.25,2648268.75,3056456.25,0.0001,0.4995,0.4995,0.4995,0.4995,0.4995,0.496485714285714,0.501014285714286,0.501014285714286
476,0,0,0,1073831.25,1307081.25,1540331.25,1773581.25,2648268.75,3056456.25,0.0001,0.561292857142857,0.561292857142857,0.561292857142857,0.561292857142857,0.561292857142857,0.557885714285714,0.563007142857143,0.562985714285714
477,0,0,0,715887.5,871387.5,1026887.5,1182387.5,1765512.5,2037637.5,0.0001,0.557907692307692,0.557907692307692,0.557907692307692,0.557907692307692,0.557907692307692,0.554515384615385,0.5596,0.559592307692308
478,0,0,0,715887.5,871387.5,1026887.5,1182387.5,1765512.5,2037637.5,0.0001,0.530033333333333,0.530033333333333,0.530033333333333,0.530033333333333,0.530033333333333,0.526822222222222,0.531655555555556,0.531622222222222
479,0,0,0,715887.5,871387.5,1026887.5,1182387.5,1765512.5,2037637.5,0.0001,0.564773333333333,0.564773333333333,0.564773333333333,0.564773333333333,0.564773333333333,0.561346666666667,0.566493333333333,0.566486666666667
480,0,0,0,1073831.25,1307081.25,1540331.25,1773581.25,2648268.75,3056456.25,0.0001,0.54363,0.54363,0.54363,0.54363,0.54363,0.54034,0.5453,0.54527
481,0,0,0,1073831.25,1307081.25,1540331.25,1773581.25,2648268.75,3056456.25,0.0001,0.555375,0.555375,0.555375,0.555375,0.555375,0.552008333333333,0.557058333333333,0.55705
482,0,0,0,357943.75,435693.75,513443.75,591193.75,882756.25,1018818.75,0.0001,0.532133333333333,0.532133333333333,0.532133333333333,0.532133333333333,0.532133333333333,0.528888888888889,0.533744444444444,0.533733333333333
483,0,0,0,715887.5,871387.5,1026887.5,1182387.5,1765512.5,2037637.5,0.0001,0.5082,0.5082,0.5082,0.5082,0.5082,0.505114285714286,0.509728571428571,0.509728571428571
484,0,0,0,1073831.25,1307081.25,1540331.25,1773581.25,2648268.75,3056456.25,0.0001,0.506357142857143,0.506357142857143,0.506357142857143,0.506357142857143,0.506357142857143,0.503314285714286,0.507914285714286,0.507885714285714
485,0,0,0,1073831.25,1307081.25,1540331.25,1773581.25,2648268.75,3056456.25,0.0001,0.560376923076923,0.560376923076923,0.560376923076923,0.560376923076923,0.560376923076923,0.556969230769231,0.562076923076923,0.562069230769231
486,0,0,0,715887.5,871387.5,1026887.5,1182387.5,1765512.5,2037637.5,0.0001,0.516025,0.516025,0.516025,0.516025,0.516025,0.5129,0.5176125,0.517575
487,0,0,0,357943.75,435693.75,513443.75,591193.75,882756.25,1018818.75,0.0001,0.503314285714286,0.503314285714286,0.503314285714286,0.503314285714286,0.503314285714286,0.500257142857143,0.504828571428571,0.504828571428571
488,0,0,0,715887.5,871387.5,1026887.5,1182387.5,1765512.5,2037637.5,0.0001,0.553116666666667,0.553116666666667,0.553116666666667,0.553116666666667,0.553116666666667,0.549775,0.5548,0.5548
489,0,0,0,357943.75,435693.75,513443.75,591193.75,882756.25,1018818.75,0.0001,0.562592857142857,0.562592857142857,0.562592857142857,0.562592857142857,0.562592857142857,0.559178571428571,0.564307142857143,0.5643
490,0,0,0,1073831.25,1307081.25,1540331.25,1773581.25,2648268.75,3056456.25,0.0001,0.4974,0.4974,0.4974,0.4974,0.4974,0.494385714285714,0.498914285714286,0.498914285714286
491,0,0,0,715887.5,871387.5,1026887.5,1182387.5,1765512.5,2037637.5,0.0001,0.565386666666667,0.565386666666667,0.565386666666667,0.565386666666667,0.565386666666667,0.561953333333333,0.567113333333333,0.567093333333333
492,0,0,0,715887.5,871387.5,1026887.5,1182387.5,1765512.5,2037637.5,0.0001,0.553325,0.553325,0.553325,0.553325,0.553325,0.549958333333333,0.555,0.554991666666667
493,0,0,0,715887.5,871387.5,1026887.5,1182387.5,1765512.5,2037637.5,0.0001,0.501214285714286,0.501214285714286,0.501214285714286,0.501214285714286,0.501214285714286,0.498171428571429,0.502728571428571,0.502728571428571
494,0,0,0,715887.5,871387.5,1026887.5,1182387.5,1765512.5,2037637.5,0.0001,0.564266666666667,0.564266666666667,0.564266666666667,0.564266666666667,0.564266666666667,0.560846666666667,0.565986666666667,0.565966666666667
495,0,0,0,715887.5,871387.5,1026887.5,1182387.5,1765512.5,2037637.5,0.0001,0.5538,0.5538,0.5538,0.5538,0.5538,0.550441666666667,0.555475,0.555475
496,0,0,0,1073831.25,1307081.25,1540331.25,1773581.25,2648268.75,3056456.25,0.0001,0.51895,0.51895,0.51895,0.51895,0.51895,0.5158125,0.5205375,0.5205
497,0,0,0,1073831.25,1307081.25,1540331.25,1773581.25,2648268.75,3056456.25,0.0001,0.555941666666667,0.555941666666667,0.555941666666667,0.555941666666667,0.555941666666667,0.552566666666667,0.557633333333333,0.557625
498,0,0,0,357943.75,435693.75,513443.75,591193.75,882756.25,1018818.75,0.0001,0.55345,0.55345,0.55345,0.55345,0.55345,0.550083333333333,0.555125,0.555116666666667
499,0,0,0,1073831.25,1307081.25,1540331.25,1773581.25,2648268.75,3056456.25,0.0001,0.56426,0.56426,0.56426,0.56426,0.56426,0.560833333333333,0.565966666666667,0.565966666666667
500,0,0,0,357943.75,435693.75,513443.75,591193.75,882756.25,1018818.75,0.0001,0.553758333333333,0.553758333333333,0.553758333333333,0.553758333333333,0.553758333333333,0.5504,0.555441666666667,0.555425
