"simID","Fec 11-60","Fec 61-80","Fec 81-100","Fec 101-120","Fec 121-140","Fec 141-160","Fec 161-180","Fec 181-211","Fec 212+","Surv 11-60","Surv 61-80","Surv 81-100","Surv 101-120","Surv 121-140","Surv 141-160","Surv 161-180","Surv 181-211","Surv 212+"
1,0,0,0,1431775,1742775,2053775,2364775,3531025,4075275,0.026,0.01877,0.01877,0.01877,0.01877,0.01877,0.01862,0.01881,0.01881
2,0,0,0,715887.5,871387.5,1026887.5,1182387.5,1765512.5,2037637.5,0.026,0.0192769230769231,0.0192769230769231,0.0192769230769231,0.0192769230769231,0.0192769230769231,0.0191307692307692,0.0193,0.0193
3,0,0,0,715887.5,871387.5,1026887.5,1182387.5,1765512.5,2037637.5,0.026,0.0187222222222222,0.0187222222222222,0.0187222222222222,0.0187222222222222,0.0187222222222222,0.0185666666666667,0.0187222222222222,0.0187222222222222
4,0,0,0,1431775,1742775,2053775,2364775,3531025,4075275,0.026,0.01867,0.01867,0.01867,0.01867,0.01867,0.01852,0.0187,0.0187
5,0,0,0,715887.5,871387.5,1026887.5,1182387.5,1765512.5,2037637.5,0.026,0.0190916666666667,0.0190916666666667,0.0190916666666667,0.0190916666666667,0.0190916666666667,0.0189416666666667,0.0191166666666667,0.0191166666666667
6,0,0,0,715887.5,871387.5,1026887.5,1182387.5,1765512.5,2037637.5,0.026,0.01866,0.01866,0.01866,0.01866,0.01866,0.01851,0.01867,0.01867
7,0,0,0,715887.5,871387.5,1026887.5,1182387.5,1765512.5,2037637.5,0.026,0.0186444444444444,0.0186444444444444,0.0186444444444444,0.0186444444444444,0.0186444444444444,0.0184888888888889,0.0186777777777778,0.0186777777777778
8,0,0,0,715887.5,871387.5,1026887.5,1182387.5,1765512.5,2037637.5,0.026,0.0194,0.0194,0.0194,0.0194,0.0194,0.0192571428571429,0.0194428571428571,0.0194428571428571
9,0,0,0,715887.5,871387.5,1026887.5,1182387.5,1765512.5,2037637.5,0.026,0.0189727272727273,0.0189727272727273,0.0189727272727273,0.0189727272727273,0.0189727272727273,0.0188181818181818,0.0189909090909091,0.0189909090909091
10,0,0,0,2147662.5,2614162.5,3080662.5,3547162.5,5296537.5,6112912.5,0.026,0.0195866666666667,0.0195866666666667,0.0195866666666667,0.0195866666666667,0.0195866666666667,0.0194533333333333,0.0196466666666667,0.0196466666666667
11,0,0,0,1431775,1742775,2053775,2364775,3531025,4075275,0.026,0.0194733333333333,0.0194733333333333,0.0194733333333333,0.0194733333333333,0.0194733333333333,0.01932,0.01952,0.01952
12,0,0,0,2147662.5,2614162.5,3080662.5,3547162.5,5296537.5,6112912.5,0.026,0.0191230769230769,0.0191230769230769,0.0191230769230769,0.0191230769230769,0.0191230769230769,0.0189769230769231,0.0191769230769231,0.0191692307692308
13,0,0,0,715887.5,871387.5,1026887.5,1182387.5,1765512.5,2037637.5,0.026,0.0186,0.0186,0.0186,0.0186,0.0186,0.0184444444444444,0.0186333333333333,0.0186333333333333
14,0,0,0,2147662.5,2614162.5,3080662.5,3547162.5,5296537.5,6112912.5,0.026,0.0192153846153846,0.0192153846153846,0.0192153846153846,0.0192153846153846,0.0192153846153846,0.0190769230769231,0.0192384615384615,0.0192384615384615
15,0,0,0,1431775,1742775,2053775,2364775,3531025,4075275,0.026,0.0190916666666667,0.0190916666666667,0.0190916666666667,0.0190916666666667,0.0190916666666667,0.01895,0.0191333333333333,0.0191333333333333
16,0,0,0,2147662.5,2614162.5,3080662.5,3547162.5,5296537.5,6112912.5,0.026,0.0192153846153846,0.0192153846153846,0.0192153846153846,0.0192153846153846,0.0192153846153846,0.0190769230769231,0.0192384615384615,0.0192384615384615
17,0,0,0,715887.5,871387.5,1026887.5,1182387.5,1765512.5,2037637.5,0.026,0.01868,0.01868,0.01868,0.01868,0.01868,0.01853,0.01872,0.01872
18,0,0,0,715887.5,871387.5,1026887.5,1182387.5,1765512.5,2037637.5,0.026,0.0193285714285714,0.0193285714285714,0.0193285714285714,0.0193285714285714,0.0193285714285714,0.0191857142857143,0.01935,0.01935
19,0,0,0,1431775,1742775,2053775,2364775,3531025,4075275,0.026,0.0192384615384615,0.0192384615384615,0.0192384615384615,0.0192384615384615,0.0192384615384615,0.0190923076923077,0.0192769230769231,0.0192769230769231
20,0,0,0,715887.5,871387.5,1026887.5,1182387.5,1765512.5,2037637.5,0.026,0.0189818181818182,0.0189818181818182,0.0189818181818182,0.0189818181818182,0.0189818181818182,0.0188272727272727,0.0190090909090909,0.0190090909090909
21,0,0,0,2147662.5,2614162.5,3080662.5,3547162.5,5296537.5,6112912.5,0.026,0.0187545454545455,0.0187545454545455,0.0187545454545455,0.0187545454545455,0.0187545454545455,0.0186090909090909,0.0188090909090909,0.0188090909090909
22,0,0,0,715887.5,871387.5,1026887.5,1182387.5,1765512.5,2037637.5,0.026,0.0191769230769231,0.0191769230769231,0.0191769230769231,0.0191769230769231,0.0191769230769231,0.0190384615384615,0.0192307692307692,0.0192307692307692
23,0,0,0,2147662.5,2614162.5,3080662.5,3547162.5,5296537.5,6112912.5,0.026,0.01905,0.01905,0.01905,0.01905,0.01905,0.0189083333333333,0.0190916666666667,0.0190916666666667
24,0,0,0,2147662.5,2614162.5,3080662.5,3547162.5,5296537.5,6112912.5,0.026,0.01964,0.01964,0.01964,0.01964,0.01964,0.0194933333333333,0.0196666666666667,0.0196666666666667
25,0,0,0,1431775,1742775,2053775,2364775,3531025,4075275,0.026,0.018775,0.018775,0.018775,0.018775,0.018775,0.0186125,0.018775,0.018775
26,0,0,0,1431775,1742775,2053775,2364775,3531025,4075275,0.026,0.01882,0.01882,0.01882,0.01882,0.01882,0.01867,0.01886,0.01886
27,0,0,0,2147662.5,2614162.5,3080662.5,3547162.5,5296537.5,6112912.5,0.026,0.01878,0.01878,0.01878,0.01878,0.01878,0.01862,0.01882,0.01882
28,0,0,0,715887.5,871387.5,1026887.5,1182387.5,1765512.5,2037637.5,0.026,0.0190833333333333,0.0190833333333333,0.0190833333333333,0.0190833333333333,0.0190833333333333,0.0189333333333333,0.0191,0.0191
29,0,0,0,715887.5,871387.5,1026887.5,1182387.5,1765512.5,2037637.5,0.026,0.0189857142857143,0.0189857142857143,0.0189857142857143,0.0189857142857143,0.0189857142857143,0.0188142857142857,0.019,0.019
30,0,0,0,715887.5,871387.5,1026887.5,1182387.5,1765512.5,2037637.5,0.026,0.019,0.019,0.019,0.019,0.019,0.0188285714285714,0.0190142857142857,0.0190142857142857
31,0,0,0,2147662.5,2614162.5,3080662.5,3547162.5,5296537.5,6112912.5,0.026,0.019,0.019,0.019,0.019,0.019,0.0188428571428571,0.0190142857142857,0.0190142857142857
32,0,0,0,1431775,1742775,2053775,2364775,3531025,4075275,0.026,0.0187545454545455,0.0187545454545455,0.0187545454545455,0.0187545454545455,0.0187545454545455,0.0186090909090909,0.0188090909090909,0.0188090909090909
33,0,0,0,715887.5,871387.5,1026887.5,1182387.5,1765512.5,2037637.5,0.026,0.0194571428571429,0.0194571428571429,0.0194571428571429,0.0194571428571429,0.0194571428571429,0.0193214285714286,0.0195,0.0195
34,0,0,0,715887.5,871387.5,1026887.5,1182387.5,1765512.5,2037637.5,0.026,0.0189,0.0189,0.0189,0.0189,0.0189,0.0187285714285714,0.0189142857142857,0.0189142857142857
35,0,0,0,715887.5,871387.5,1026887.5,1182387.5,1765512.5,2037637.5,0.026,0.0193785714285714,0.0193785714285714,0.0193785714285714,0.0193785714285714,0.0193785714285714,0.0192357142857143,0.0194071428571429,0.0194071428571429
36,0,0,0,715887.5,871387.5,1026887.5,1182387.5,1765512.5,2037637.5,0.026,0.0189666666666667,0.0189666666666667,0.0189666666666667,0.0189666666666667,0.0189666666666667,0.018825,0.019,0.019
37,0,0,0,1431775,1742775,2053775,2364775,3531025,4075275,0.026,0.0188625,0.0188625,0.0188625,0.0188625,0.0188625,0.0187,0.0188875,0.0188875
38,0,0,0,2147662.5,2614162.5,3080662.5,3547162.5,5296537.5,6112912.5,0.026,0.0188818181818182,0.0188818181818182,0.0188818181818182,0.0188818181818182,0.0188818181818182,0.0187363636363636,0.0189181818181818,0.0189181818181818
39,0,0,0,2147662.5,2614162.5,3080662.5,3547162.5,5296537.5,6112912.5,0.026,0.0193428571428571,0.0193428571428571,0.0193428571428571,0.0193428571428571,0.0193428571428571,0.0191928571428571,0.0193857142857143,0.0193857142857143
40,0,0,0,715887.5,871387.5,1026887.5,1182387.5,1765512.5,2037637.5,0.026,0.0188272727272727,0.0188272727272727,0.0188272727272727,0.0188272727272727,0.0188272727272727,0.0186818181818182,0.0188636363636364,0.0188636363636364
41,0,0,0,1431775,1742775,2053775,2364775,3531025,4075275,0.026,0.01885,0.01885,0.01885,0.01885,0.01885,0.0186875,0.0188625,0.0188625
42,0,0,0,715887.5,871387.5,1026887.5,1182387.5,1765512.5,2037637.5,0.026,0.01875,0.01875,0.01875,0.01875,0.01875,0.0185875,0.018775,0.018775
43,0,0,0,715887.5,871387.5,1026887.5,1182387.5,1765512.5,2037637.5,0.026,0.0189857142857143,0.0189857142857143,0.0189857142857143,0.0189857142857143,0.0189857142857143,0.0188142857142857,0.0189857142857143,0.0189857142857143
44,0,0,0,715887.5,871387.5,1026887.5,1182387.5,1765512.5,2037637.5,0.026,0.0192307692307692,0.0192307692307692,0.0192307692307692,0.0192307692307692,0.0192307692307692,0.0190923076923077,0.0192769230769231,0.0192692307692308
45,0,0,0,715887.5,871387.5,1026887.5,1182387.5,1765512.5,2037637.5,0.026,0.0190285714285714,0.0190285714285714,0.0190285714285714,0.0190285714285714,0.0190285714285714,0.0188571428571429,0.0190428571428571,0.0190428571428571
46,0,0,0,715887.5,871387.5,1026887.5,1182387.5,1765512.5,2037637.5,0.026,0.0187666666666667,0.0187666666666667,0.0187666666666667,0.0187666666666667,0.0187666666666667,0.0186111111111111,0.0187777777777778,0.0187777777777778
47,0,0,0,1431775,1742775,2053775,2364775,3531025,4075275,0.026,0.0189727272727273,0.0189727272727273,0.0189727272727273,0.0189727272727273,0.0189727272727273,0.0188272727272727,0.0189909090909091,0.0189909090909091
48,0,0,0,2147662.5,2614162.5,3080662.5,3547162.5,5296537.5,6112912.5,0.026,0.0191923076923077,0.0191923076923077,0.0191923076923077,0.0191923076923077,0.0191923076923077,0.0190384615384615,0.0192384615384615,0.0192307692307692
49,0,0,0,715887.5,871387.5,1026887.5,1182387.5,1765512.5,2037637.5,0.026,0.0186875,0.0186875,0.0186875,0.0186875,0.0186875,0.0185375,0.0187,0.0187
50,0,0,0,715887.5,871387.5,1026887.5,1182387.5,1765512.5,2037637.5,0.026,0.0189727272727273,0.0189727272727273,0.0189727272727273,0.0189727272727273,0.0189727272727273,0.0188272727272727,0.0190090909090909,0.0190090909090909
