"eigenDomAH","rVal","tDouble","Rzero","genTime","harvConst","tc"
32.7884637222477,3.49007673773846,0.198605140415651,1124.7059061757,2.01292905332586,0,0
32.7884637222477,3.49007673773846,0.198605140415651,1124.7059061757,2.01292905332586,0,35
32.7884637222477,3.49007673773846,0.198605140415651,1124.7059061757,2.01292905332586,0,60
32.7884637222477,3.49007673773846,0.198605140415651,1124.7059061757,2.01292905332586,0,102
29.5096173500229,3.38471622208064,0.204787383957955,906.73501033843,2.01194126775115,0.1,0
31.1047496223401,3.43736052850009,0.201650997855149,1007.48334482048,2.01177930134263,0.1,35
32.7861666764638,3.49000667876075,0.198609127248453,1119.42593868942,2.0116211584556,0.1,60
32.7884637222456,3.4900767377384,0.198605140415655,1124.70574069983,2.01292901116977,0.1,102
26.2307709777982,3.26693318642425,0.212170601908946,713.077733547224,2.01093504604855,0.2,0
29.3247244689373,3.37843099872174,0.205168369820844,891.34716693403,2.01061794411782,0.2,35
32.783869647958,3.48993661540146,0.19861311449068,1114.18395866754,2.01031660842956,0.2,60
32.7884637222436,3.49007673773834,0.198605140415658,1124.70557625243,2.01292896927568,0.2,102
22.9519246055734,3.13340179379973,0.221212351997603,543.400024388577,2.00990685405736,0.3,0
27.4296577919663,3.3116248291869,0.209307278545237,776.285749126539,2.00944280498292,0.3,35
32.7815726367544,3.48986654766076,0.198617102142361,1108.97964160934,2.00901539758038,0.3,60
32.7884637222415,3.49007673773828,0.198605140415662,1124.70541283351,2.01292892764359,0.3,102
19.6730782333486,2.97925111397247,0.232658192963035,397.372560208098,2.00885190622955,0.4,0
25.3938242422861,3.23450600439368,0.214297694800501,662.28760034683,2.00825099547891,0.4,35
32.7792756428768,3.48979647553879,0.198621090203528,1103.81266724472,2.00771752051539,0.4,60
32.7884637222395,3.49007673773821,0.198605140415665,1124.70525044305,2.01292888627351,0.4,102
16.3942318611238,2.79692955717852,0.247824325350252,274.670679868108,2.00776341967289,0.5,0
23.1801877396325,3.14329793708642,0.22051590222543,549.341359736216,2.00703851786717,0.5,35
32.7769786663492,3.48972639903571,0.198625078674213,1098.68271947243,2.00642297211598,0.5,60
32.7884637222374,3.49007673773815,0.198605140415669,1124.70508908107,2.01292884516543,0.5,102
13.1153854888991,2.57378600586431,0.269310338536548,174.974317807751,2.00663116358629,0.6,0
20.7319057117929,3.03167385236192,0.228635141613247,437.435794519376,2.00579951399001,0.6,35
32.7746817071957,3.48965631815167,0.198629067554445,1093.58948629844,2.00513174753669,0.6,60
32.7884637222354,3.49007673773809,0.198605140415673,1124.70492874755,2.01292880431935,0.6,102
9.83653911667431,2.28610393341253,0.30320020469291,97.9679393796746,2.0054382519324,0.7,0
17.9532909815305,2.88777343971871,0.240028241490947,326.559797932249,2.00452466272714,0.7,35
32.7723847654402,3.48958623288684,0.198633056844256,1088.53265977416,2.0038438422041,0.7,60
32.7884637222333,3.49007673773802,0.198605140415676,1124.7047694425,2.01292876373528,0.7,102
6.55769274444954,1.88063882530436,0.368570068443507,43.3404774373912,2.00415250468346,0.8,0
14.6577682395328,2.68497045018564,0.258158215674969,216.702387186956,2.00319706468312,0.8,35
32.7700878411068,3.48951614324136,0.198637046543677,1083.51193593478,2.00255925181532,0.8,60
32.7884637222312,3.49007673773796,0.19860514041568,1124.70461116593,2.01292872341322,0.8,102
3.27884637222477,1.18749164474442,0.583706995857752,10.7852701473753,2.00269310397937,0.9,0
10.3636558925206,2.33830505996037,0.296431459020874,107.852701473753,2.00177748451528,0.9,35
32.7677909342196,3.4894460492154,0.198641036652737,1078.52701473753,2.00127797233634,0.9,60
32.7884637222292,3.4900767377379,0.198605140415683,1124.70445391783,2.01292868335316,0.9,102
32.787844855693,3.49005786303911,0.198606214498793,1123.28121937358,2.012576758609,0,0
32.787844855693,3.49005786303911,0.198606214498793,1123.28121937358,2.012576758609,0,35
32.787844855693,3.49005786303911,0.198606214498793,1123.28121937358,2.012576758609,0,60
32.787844855693,3.49005786303911,0.198606214498793,1123.28121937358,2.012576758609,0,102
29.5090603701237,3.38469734738128,0.204788525950844,905.703673140465,2.01161624870902,0.1,0
31.1041926435396,3.43734262178829,0.201652048348714,1006.33741460052,2.01145869276635,0.1,35
32.7856096987068,3.48998969042254,0.198610094024669,1118.15268288946,2.01130485615283,0.1,60
32.7878448556912,3.49005786303905,0.198606214498797,1123.2810709742,2.0125767207551,0.1,102
26.2302758845544,3.2669143117249,0.212171827731218,712.358448116996,2.01063774446775,0.2,0
29.3242293777041,3.37841411551408,0.205169395124455,890.448060146245,2.0103292675761,0.2,35
32.7833745585273,3.48992151367081,0.198613973937445,1113.06007518281,2.01003612781707,0.2,60
32.7878448556893,3.49005786303899,0.1986062144988,1123.28092347358,2.01257668313046,0.2,102
22.9514913989851,3.13338291910037,0.221213684524378,542.921517852621,2.00963780607905,0.3,0
27.4292245881017,3.31160903579681,0.20930827675229,775.602168360887,2.00918636444179,0.3,35
32.7811394351768,3.48985333278407,0.198617854237152,1108.00309765841,2.00877056842711,0.3,60
32.7878448556875,3.49005786303894,0.198606214498803,1123.28077687172,2.01257664573506,0.3,102
19.6727069134158,2.97923223927312,0.232659666951329,397.073323983292,2.00861177585309,0.4,0
25.3934529255773,3.23449138196343,0.214298663593651,661.788873305486,2.00802717199652,0.4,35
32.7789043286774,3.48978514776247,0.198621734923816,1102.98145550914,2.00750817305444,0.4,60
32.7878448556857,3.49005786303888,0.198606214498806,1123.28063116862,2.01257660856892,0.4,102
16.3939224278465,2.79691068247916,0.247825997770349,274.498714415507,2.00755305228183,0.5,0
23.1798783098491,3.14328458810702,0.220516838717865,548.997428831014,2.00684779927279,0.5,35
32.7766692390513,3.48971695860614,0.198625615997465,1097.99485766203,2.00624893701609,0.5,60
32.7878448556838,3.49005786303882,0.198606214498809,1123.28048636429,2.01257657163203,0.5,102
13.1151379422772,2.57376713116495,0.269312313521624,174.886882675888,2.00645167843146,0.6,0
20.7316581686818,3.03166191209013,0.228636042098133,437.21720668972,2.00564254471889,0.6,35
32.774434166321,3.48964876531526,0.198629497458128,1093.0430167243,2.00499285587381,0.6,60
32.787844855682,3.49005786303877,0.198606214498813,1123.28034245872,2.0125765349244,0.6,102
9.8363534567079,2.28608505871317,0.303202708017398,97.9313084036547,2.00529122080213,0.7,0
17.9531053248074,2.88776309856827,0.240029101037963,326.437694678849,2.00440233668757,0.7,35
32.7721991105086,3.48958056788996,0.198633379305832,1088.1256489295,2.00373992543301,0.7,60
32.7878448556801,3.49005786303871,0.198606214498816,1123.28019945191,2.01257649844601,0.7,102
6.5575689711386,1.88061995060501,0.368573767569017,43.329698963341,2.00404036285002,0.8,0
14.6576444688678,2.68496200611793,0.258159027569309,216.648494816705,2.00311072870776,0.8,35
32.7699640716365,3.4895123663304,0.198637261540604,1083.24247408353,2.00249014174149,0.8,60
32.7878448556783,3.49005786303866,0.198606214498819,1123.28005734387,2.01257646219689,0.8,102
3.2787844855693,1.18747277004506,0.583716273791813,10.7839321551074,2.0026204582401,0.9,0
10.3635940075042,2.33829908859256,0.296432216024664,107.839321551074,2.00172953867362,0.9,35
32.7677290497271,3.48944416063673,0.198641144162474,1078.39321551074,2.0012435010879,0.9,60
32.7878448556764,3.4900578630386,0.198606214498822,1123.27991613458,2.01257642617701,0.9,102
32.7891370230834,3.49009727221451,0.198603971894495,1126.26200240518,2.01331335999435,0,0
32.7891370230834,3.49009727221451,0.198603971894495,1126.26200240518,2.01331335999435,0,35
32.7891370230834,3.49009727221451,0.198603971894495,1126.26200240518,2.01331335999435,0,60
32.7891370230834,3.49009727221451,0.198603971894495,1126.26200240518,2.01331335999435,0,102
29.5102233207751,3.38473675655668,0.204786141556571,907.861030396883,2.01229572830745,0.1,0
31.1053555899146,3.43738000982302,0.201649854999777,1008.73447821876,2.01212895069991,0.1,35
32.7867726410219,3.49002516091404,0.198608075472559,1120.81608690973,2.01196611033625,0.1,60
32.7891370230811,3.49009727221444,0.198603971894499,1126.2618163864,2.01331331267056,0.1,102
26.2313096184667,3.2669537209003,0.212169268308132,713.862742776092,2.0112591937913,0.2,0
29.3252631037931,3.37844936649565,0.205167254372358,892.328428470115,2.01093268572873,0.2,35
32.7844082776087,3.48995304498198,0.198612179483786,1115.41053558764,2.01062241211789,0.2,60
32.7891370230788,3.49009727221437,0.198603971894504,1126.2616315549,2.01331326564881,0.2,102
22.9523959161584,3.13342232827577,0.2212109023112,543.922046712932,2.01020011993419,0.3,0
27.4301290946795,3.31164201127017,0.20930619257789,777.031495304188,2.0097223254788,0.3,35
32.7820439328699,3.48988092441849,0.19861628392821,1110.0449932917,2.00928225915053,0.3,60
32.7891370230765,3.4900972722143,0.198603971894508,1126.26144791068,2.01331321892911,0.3,102
19.67348221385,2.97927164844851,0.23265658937845,397.698879469797,2.00911358244237,0.4,0
25.3942282134731,3.23452191251252,0.214296640835406,662.831465782995,2.00849489790688,0.4,35
32.779679606832,3.48980879922375,0.198620388805864,1104.71910963833,2.00794564555343,0.4,60
32.7891370230742,3.49009727221422,0.198603971894512,1126.26126545374,2.01331317251144,0.4,102
16.3945685115417,2.79695009165456,0.247822505888873,274.858134734092,2.00799260152025,0.5,0
23.1805243799603,3.14331245974202,0.220514883403234,549.716269468185,2.00724628945781,0.5,35
32.7773152995214,3.48973666939793,0.198624494116781,1099.43253893637,2.00661256575321,0.5,60
32.7891370230719,3.49009727221415,0.198603971894516,1126.26108418408,2.01331312639582,0.5,102
13.1156548092334,2.57380654034035,0.269308189910919,175.069590418534,2.00682664895605,0.6,0
20.7321750219934,3.03168684240997,0.228634161966723,437.673976046336,2.0059704720202,0.6,35
32.7749510109644,3.48966453494123,0.198628599860995,1094.18494011584,2.00528301448281,0.6,60
32.7891370230696,3.49009727221408,0.19860397189452,1126.2609041017,2.01331308058224,0.6,102
9.83674110692502,2.28612446788857,0.303197481281553,98.0078378991018,2.00559834708799,0.7,0
17.953492962424,2.88778469001024,0.240027306383942,326.692792997006,2.00465785360893,0.7,35
32.7725867411876,3.48959239585381,0.198632706038537,1088.97597665669,2.00395698678028,0.7,60
32.7891370230673,3.49009727221401,0.198603971894524,1126.2607252066,2.01331303507069,0.7,102
6.55782740461668,1.88065935978041,0.368566044113848,43.3522126607022,2.00427457747237,0.8,0
14.657902892071,2.68497963657184,0.258157332412752,216.761063303511,2.00329104283079,0.8,35
32.7702224902173,3.48952025213587,0.198636812649442,1083.80531651755,2.0026344779871,0.8,60
32.7891370230649,3.49009727221394,0.198603971894528,1126.26054749878,2.01331298986119,0.8,102
3.27891370230834,1.18751217922046,0.583696902388791,10.7867263206455,2.00277216138724,0.9,0
10.3637232178822,2.33831155623385,0.296430635477997,107.867263206455,2.00182965968156,0.9,35
32.7678582580802,3.48944810378758,0.198640919693741,1078.67263206455,2.00131548374627,0.9,60
32.7891370230626,3.49009727221387,0.198603971894532,1126.26037097824,2.01331294495373,0.9,102
32.7892299169151,3.49010010527779,0.198603810679171,1126.47874689374,2.01336686090279,0,0
32.7892299169151,3.49010010527779,0.198603810679171,1126.47874689374,2.01336686090279,0,35
32.7892299169151,3.49010010527779,0.198603810679171,1126.47874689374,2.01336686090279,0,60
32.7892299169151,3.49010010527779,0.198603810679171,1126.47874689374,2.01336686090279,0,102
29.5103069252235,3.38473958961996,0.204785970148378,908.017718698642,2.01234503040778,0.1,0
31.1054391927828,3.43738269755169,0.20164969732746,1008.90857633182,2.01217758295591,0.1,35
32.7868562423905,3.49002771076129,0.198607930367621,1121.00952925758,2.01201408861596,0.1,60
32.7892299169127,3.49010010527771,0.198603810679175,1126.47855728176,2.0133668126742,0.1,102
26.2313839335321,3.26695655396358,0.212169084317634,713.97187255293,2.01130423954003,0.2,0
29.3253374159682,3.37845190055922,0.205167100483275,892.464840691163,2.01097642312731,0.2,35
32.7844825871974,3.4899553115931,0.198612050491711,1115.58105086395,2.01066490642405,0.2,60
32.7892299169104,3.49010010527764,0.198603810679179,1126.47836888501,2.01336676475471,0.2,102
22.9524609418405,3.13342516133905,0.221210702304992,543.994546184023,2.01024083776644,0.3,0
27.4301941164483,3.31164438171807,0.209306042758234,777.135065977175,2.00976113319707,0.3,35
32.7821089513623,3.4898829077734,0.198616171051476,1110.19295139596,2.00931930801085,0.3,60
32.789229916908,3.49010010527757,0.198603810679184,1126.4781817035,2.0133667171443,0.3,102
19.673537950149,2.9792744815118,0.232656368139741,397.744155141718,2.00914988177542,0.4,0
25.3942839451427,3.23452410716903,0.214296495433021,662.906925236196,2.00852872967394,0.4,35
32.7797353349122,3.48981049930238,0.198620292046949,1104.84487539366,2.00797728737384,0.4,60
32.7892299169057,3.4901001052775,0.198603810679188,1126.47799573722,2.01336666984299,0.4,102
16.3946149584575,2.79695292471784,0.247822254866828,274.884118045274,2.00802436476388,0.5,0
23.1805708218623,3.143314463228,0.220514742851443,549.768236090548,2.00727508313358,0.5,35
32.7773617378739,3.48973808618022,0.198624413478161,1099.5364721811,2.00663883882353,0.5,60
32.7892299169033,3.49010010527743,0.198603810679192,1126.47781098617,2.01336662285077,0.5,102
13.115691966766,2.57380937340363,0.269307893475934,175.082783326948,2.0068537176954,0.6,0
20.7322121744918,3.03168863442962,0.228634026821937,437.706958317369,2.00599414216317,0.6,35
32.7749881602744,3.48966566840712,0.198628535345146,1094.26739579342,2.00530395698246,0.6,60
32.789229916901,3.49010010527736,0.198603810679196,1126.47762745036,2.01336657616764,0.6,102
9.83676897507452,2.28612730095185,0.303197105546724,98.0133574413584,2.00562049536589,0.7,0
17.9535208259264,2.88778624199129,0.240027177386226,326.711191471195,2.0046762776107,0.7,35
32.7726146021405,3.48959324598326,0.198632657647937,1089.03730490398,2.00397263678391,0.7,60
32.7892299168986,3.49010010527728,0.1986038106792,1126.47744512978,2.01336652979361,0.7,102
6.55784598338301,1.88066219284369,0.368565488899344,43.3538345100553,2.00429145028308,0.8,0
14.6579214670499,2.68498090380408,0.258157210570062,216.769172550276,2.00330403050562,0.8,35
32.7702410634993,3.48952081890885,0.198636780386565,1083.84586275138,2.00264487347022,0.8,60
32.7892299168963,3.49010010527721,0.198603810679204,1126.47726402444,2.01336648372867,0.8,102
3.27892299169151,1.18751501228374,0.583695509858807,10.7869273706659,2.00278307871987,0.9,0
10.3637325049222,2.33831245234384,0.296430521877074,107.869273706659,2.00183686343104,0.9,35
32.7678675443776,3.48944838718407,0.198640903561065,1078.69273706659,2.00132066259085,0.9,60
32.7892299168939,3.49010010527714,0.198603810679208,1126.47708413432,2.01336643797282,0.9,102
32.7893413703033,3.49010350435728,0.198603617255068,1126.73744865757,2.01343069433752,0,0
32.7893413703033,3.49010350435728,0.198603617255068,1126.73744865757,2.01343069433752,0,35
32.7893413703033,3.49010350435728,0.198603617255068,1126.73744865757,2.01343069433752,0,60
32.7893413703033,3.49010350435728,0.198603617255068,1126.73744865757,2.01343069433752,0,102
29.510407233273,3.38474298869945,0.204785764495011,908.204839352817,2.01240388706054,0.1,0
31.1055394998229,3.43738592228925,0.201649508152497,1009.1164881698,2.01223564045174,0.1,35
32.7869565484727,3.49003077009482,0.198607756269471,1121.24054241089,2.01207136585921,0.1,60
32.789341370301,3.4901035043572,0.198603617255073,1126.73725526349,2.01343064515828,0.1,102
26.2314730962427,3.26695995304306,0.212168863568193,714.102267890583,2.01135804505405,0.2,0
29.3254265768325,3.37845494095829,0.20516691584566,892.627834863228,2.01102866679335,0.2,35
32.784571746409,3.48995803114465,0.198611895723171,1115.78479357904,2.01071566604181,0.2,60
32.7893413702986,3.49010350435713,0.198603617255077,1126.73706311473,2.01343059629571,0.2,102
22.9525389592123,3.13342856041854,0.221210462340127,544.081219835204,2.01028950091586,0.3,0
27.43027213132,3.31164722583796,0.209305863001321,777.258885478862,2.00980751478862,0.3,35
32.7821869641397,3.48988528750695,0.198616035616204,1110.36983639838,2.00936358849955,0.3,60
32.7893413702961,3.49010350435706,0.198603617255081,1126.73687221129,2.01343054774982,0.3,102
19.673604822182,2.97927788059128,0.232656102700423,397.798311621793,2.00919328845343,0.4,0
25.3943508142177,3.2345267403989,0.214296320974135,662.997186036321,2.00856918718394,0.4,35
32.7798022016922,3.48981253918193,0.1986201759486,1104.99531006054,2.00801512716681,0.4,60
32.7893413702938,3.49010350435698,0.198603617255085,1126.73668255317,2.01343049952059,0.4,102
16.3946706851517,2.79695632379733,0.247821953693894,274.915214659427,2.00806236837282,0.5,0
23.1806265453526,3.14331686711286,0.220514574210459,549.830429318854,2.00730953547014,0.5,35
32.7774174590939,3.48973978616977,0.198624316720394,1099.66085863771,2.00667027629751,0.5,60
32.7893413702914,3.49010350435691,0.198603617255089,1126.73649414037,2.01343045160804,0.5,102
13.1157365481213,2.57381277248312,0.269307537817221,175.098580961268,2.00688612253401,0.6,0
20.7322567526297,3.03169078461455,0.228633864666404,437.74645240317,2.00602248020639,0.6,35
32.7750327363723,3.48966702847069,0.198628457931618,1094.36613100793,2.00532903046404,0.6,60
32.789341370289,3.49010350435684,0.198603617255093,1126.73630697289,2.01343040401216,0.6,102
9.83680241109101,2.28613070003134,0.303196654745262,98.0199702702305,2.0056470245185,0.7,0
17.9535542589725,2.88778810418953,0.240027022604029,326.733234234102,2.00469834753646,0.7,35
32.7726480335548,3.48959426608488,0.198632599582305,1089.11078078034,2.003991384556,0.7,60
32.7893413702866,3.49010350435676,0.198603617255098,1126.73612105074,2.01343035673295,0.7,102
6.55786827406067,1.88066559192317,0.368564822761037,43.3557786488202,2.00431167172693,0.8,0
14.6579437553062,2.68498242436342,0.258157064370462,216.778893244101,2.00331959722836,0.8,35
32.7702633506691,3.48952149901255,0.198636741672487,1083.8944662205,2.00265733377845,0.8,60
32.7893413702842,3.49010350435669,0.198603617255102,1126.7359363739,2.01343030977041,0.8,102
3.27893413703033,1.18751841136323,0.583693839124765,10.7871685017566,2.00279617000494,0.9,0
10.3637436487627,2.33831352761614,0.296430385563648,107.871685017566,2.00184550266653,0.9,35
32.7678786877425,3.48944872725389,0.198640884202197,1078.71685017566,2.00132687364992,0.9,60
32.7893413702818,3.49010350435662,0.198603617255106,1126.73575294238,2.01343026312454,0.9,102
32.786165300226,3.49000663678458,0.198609129637231,1119.4240115506,2.01162068937243,0,0
32.786165300226,3.49000663678458,0.198609129637231,1119.4240115506,2.01162068937243,0,35
32.786165300226,3.49000663678458,0.198609129637231,1119.4240115506,2.01162068937243,0,60
32.786165300226,3.49000663678458,0.198609129637231,1119.4240115506,2.01162068937243,0,102
29.5075487702034,3.38464612112675,0.20479162540313,902.910742169917,2.01073419763757,0.1,0
31.1026810493298,3.43729402284349,0.201654899450976,1003.23415796657,2.01058861196624,0.1,35
32.7840981099179,3.48994358410791,0.198612717900747,1114.70461996286,2.01044646277859,0.1,60
32.7861653002246,3.49000663678453,0.198609129637234,1119.42390338597,2.01162066168619,0.1,102
26.2289322401808,3.26686308547037,0.212175154705066,710.410102682478,2.00983091146283,0.2,0
29.3228857437768,3.37836829454148,0.205172177846886,888.012628353097,2.00954584347081,0.2,35
32.7820309339555,3.48988052789297,0.198616306495293,1110.01578544137,2.00927494774648,0.2,60
32.7861653002233,3.49000663678449,0.198609129637236,1119.42379582966,2.01162063415565,0.2,102
22.9503157101582,3.13333169284584,0.221217301105583,541.625064041694,2.00890764698548,0.3,0
27.428048913422,3.31156617275953,0.209310985920099,773.750091488135,2.0084904227344,0.3,35
32.7799637723562,3.48981746813985,0.198619895420894,1105.35727355448,2.0081061402655,0.3,60
32.7861653002219,3.49000663678445,0.198609129637238,1119.42368888168,2.01162060678082,0.3,102
19.6716991801356,2.97918101301858,0.232663667474717,396.262386943118,2.00796009339022,0.4,0
25.3924452090375,3.23445169706755,0.214301292917243,660.437311571863,2.00741974745822,0.4,35
32.7778966251376,3.48975440484868,0.19862348467757,1100.72885261977,2.00694003650461,0.4,60
32.7861653002206,3.49000663678441,0.198609129637241,1119.42358254202,2.01162057956169,0.4,102
16.393082650113,2.79685945622463,0.247830536860653,274.032573416898,2.00698214131322,0.5,0
23.1790385502507,3.14324835949534,0.220519380362051,548.065146833796,2.00633021629201,0.5,35
32.7758294923172,3.48969133801958,0.198627074265345,1096.13029366759,2.00577663281189,0.5,60
32.7861653002192,3.49000663678437,0.198609129637243,1119.42347681068,2.01162055249827,0.5,102
13.1144661200904,2.57371590491042,0.26931767381065,174.649819264724,2.0059645769603,0.6,0
20.7309863647095,3.03162950682607,0.22863848600208,436.624548161811,2.00521655254906,0.6,35
32.7737623739126,3.48962826765266,0.19863066418424,1091.56137040453,2.0046159257139,0.6,60
32.7861653002178,3.49000663678433,0.198609129637245,1119.42337168766,2.01162052559056,0.6,102
9.83584959006779,2.28603383245864,0.303209502290901,97.8319673259227,2.00489219487019,0.7,0
17.9526014749866,2.88773503340171,0.240031433820099,326.106557753076,2.00407036147433,0.7,35
32.7716952699412,3.48956519374803,0.198634254434278,1087.02185917692,2.00345791191492,0.7,60
32.7861653002165,3.49000663678429,0.198609129637248,1119.42326717297,2.01162049883855,0.7,102
6.5572330600452,1.88056872435048,0.368583807432695,43.3004615573743,2.00373602181264,0.8,0
14.6573085714878,2.68493908966437,0.258161231004533,216.502307786872,2.00287642561814,0.8,35
32.7696281804207,3.48950211630582,0.19863784501548,1082.51153893436,2.00230258829599,0.8,60
32.7861653002152,3.49000663678425,0.19860912963725,1119.4231632666,2.01162047224225,0.8,102
3.2786165300226,1.18742154379053,0.583741455748947,10.7803019119319,2.00242330467674,0.9,0
10.363426060446,2.33828288297713,0.296434270466635,107.803019119319,2.00159942102318,0.9,35
32.7675611053686,3.48943903532614,0.19864143592787,1078.03019119319,2.00114995191392,0.9,60
32.7861653002138,3.4900066367842,0.198609129637252,1119.42305996856,2.01162044580166,0.9,102
32.7940696483645,3.49024769563967,0.198595412418977,1137.75669700921,2.016135932661,0,0
32.7940696483645,3.49024769563967,0.198595412418977,1137.75669700921,2.016135932661,0,35
32.7940696483645,3.49024769563967,0.198595412418977,1137.75669700921,2.016135932661,0,60
32.7940696483645,3.49024769563967,0.198595412418977,1137.75669700921,2.016135932661,0,102
29.5146626835281,3.38488717998185,0.204777040918588,916.171790564036,2.01489843788837,0.1,0
31.1097949316978,3.43752271917126,0.201641483471287,1017.96865618226,2.01469633012382,0.1,35
32.7912119628968,3.49016055153053,0.198600371050547,1131.07628464696,2.01449899478297,0.1,60
32.7940696483596,3.49024769563952,0.198595412418986,1137.75629347995,2.01613583104336,0.1,102
26.2352557186916,3.26710414432546,0.212159499648596,719.651759769185,2.01363872634569,0.2,0
29.3292091656553,3.37858391930008,0.205159083543954,899.564699711481,2.01324316394117,0.2,35
32.7883543051072,3.49007340067077,0.198605330313892,1124.45587463935,2.01286727359273,0.2,60
32.7940696483546,3.49024769563937,0.198595412418994,1137.75589302829,2.0161357302007,0.2,102
22.9558487538552,3.13357275170094,0.221200283345487,547.768463469675,2.01235241221866,0.3,0
27.4335818804192,3.31176787901346,0.209298237642919,782.52637638525,2.01177373327007,0.3,35
32.7854966750426,3.48998624306072,0.198610290209068,1117.8948234075,2.01124075706088,0.3,60
32.7940696483497,3.49024769563922,0.198595412419003,1137.75549565425,2.01613563013301,0.3,102
19.6764417890187,2.97942207187368,0.232644843140349,400.101299219799,2.01103355568806,0.4,0
25.3971877271573,3.23463844849139,0.214288920260384,666.835498699665,2.01028445386047,0.4,35
32.7826390727492,3.4898990787007,0.198615250736135,1111.39249783277,2.00961943382004,0.4,60
32.7940696483448,3.49024769563907,0.198595412419011,1137.75510135781,2.01613553084031,0.4,102
16.3970348241823,2.79710051507973,0.247809178405656,276.237068768036,2.00967373590672,0.5,0
23.1829906259892,3.14341884710419,0.220507420192664,552.474137536073,2.00877036422424,0.5,35
32.7797814982738,3.48981190759102,0.19862021189515,1104.94827507215,2.0080032931643,0.5,60
32.7940696483398,3.49024769563892,0.19859541241902,1137.75471013898,2.01613543232257,0.5,102
13.1176278593458,2.57395696376552,0.269292451395893,175.769846779765,2.00826024804766,0.6,0
20.7341480051973,3.03178200316025,0.22862698565973,439.424616949413,2.00722419225609,0.6,35
32.7769239516631,3.48972472973201,0.198625173686171,1098.56154237353,2.00639232504787,0.6,60
32.7940696483349,3.49024769563877,0.198595412419029,1137.75432199775,2.01613533457982,0.6,102
9.83822089450935,2.28627489131373,0.303177532672657,98.3008527202032,2.00677211616954,0.7,0
17.9549726882194,2.88786710655293,0.240020456269302,327.669509067344,2.00563436349619,0.7,35
32.7740664329638,3.48963754512399,0.198630136109255,1092.23169689115,2.00478652008263,0.7,60
32.79406964833,3.49024769563862,0.198595412419037,1137.75393693413,2.01613523761205,0.7,102
6.55881392967291,1.88080978320557,0.368536566934788,43.4383258200332,2.00516935232057,0.8,0
14.6588893667429,2.68504693415771,0.258150861998762,217.191629100166,2.00397988534623,0.8,35
32.7712089422227,3.48955035376728,0.198635099164462,1085.95814550083,2.00318586953478,0.8,60
32.794069648325,3.49024769563847,0.198595412419046,1137.75355494812,2.01613514141925,0.8,102
3.27940696483645,1.18766260264563,0.58362297424866,10.797403046154,2.00335149159853,0.9,0
10.3642164492184,2.33835914719989,0.296424602435416,107.97403046154,2.00221199772771,0.9,35
32.7683514794867,3.48946315566221,0.198640062851847,1079.7403046154,2.0015903653204,0.9,60
32.7940696483201,3.49024769563832,0.198595412419054,1137.75317603972,2.01613504600144,0.9,102
32.7867941063229,3.49002581560776,0.198608038215683,1120.86349087533,2.01197785123386,0,0
32.7867941063229,3.49002581560776,0.198608038215683,1120.86349087533,2.01197785123386,0,35
32.7867941063229,3.49002581560776,0.198608038215683,1120.86349087533,2.01197785123386,0,60
32.7867941063229,3.49002581560776,0.198608038215683,1120.86349087533,2.01197785123386,0,102
29.5081146956907,3.38466529994993,0.204790464974542,903.953380655847,2.01106377906617,0.1,0
31.1032469741643,3.4373122180494,0.20165383200287,1004.39264517316,2.01091372158557,0.1,35
32.784664034132,3.48996084611487,0.198611735524649,1115.99182797018,2.01076720620496,0.1,60
32.7867941063214,3.49002581560771,0.198608038215686,1120.86336928612,2.01197782015155,0.1,102
26.2294352850584,3.26688226429355,0.212173909092447,711.137682520296,2.01013245231771,0.2,0
29.3233887874595,3.37838544972096,0.205171135998468,888.92210315037,2.00983863733863,0.2,35
32.7825339765658,3.48989587284678,0.198615433186128,1111.15262893796,2.00955942971022,0.2,60
32.7867941063199,3.49002581560766,0.198608038215688,1120.86324840059,2.01197778924911,0.2,102
22.9507558744261,3.13335087166903,0.221215947063959,542.109362284869,2.00918059111768,0.3,0
27.4284890760707,3.31158222053304,0.20930997160879,774.441946121241,2.00875057826197,0.3,35
32.7804039336431,3.48983089580361,0.198619131200147,1106.34563731606,2.00835451735623,0.3,60
32.7867941063184,3.49002581560762,0.198608038215691,1120.86312821873,2.01197775852656,0.3,102
19.6720764637938,2.97920019184177,0.232662169685024,396.565415905434,2.00820375455738,0.4,0
25.3928224907784,3.23446655498828,0.214300308497843,660.94235984239,2.00764686361836,0.4,35
32.7782739053831,3.48976591498548,0.19862282956673,1101.57059973732,2.00715246495145,0.4,60
32.7867941063169,3.49002581560757,0.198608038215693,1120.86300874054,2.01197772798389,0.4,102
16.3933970531615,2.79687863504781,0.247828837431159,274.206816471958,2.00719564873523,0.5,0
23.1793529512207,3.14326192342453,0.220518428768027,548.413632943915,2.00652378341956,0.5,35
32.7761438918046,3.48970093039251,0.198626528285902,1096.82726588783,2.00595326850574,0.5,60
32.7867941063154,3.49002581560753,0.198608038215696,1120.86288996602,2.01197769762109,0.5,102
13.1147176425292,2.5737350837336,0.26931566692343,174.738462154355,2.00614678126711,0.6,0
20.7312378850589,3.03164163933242,0.228637571000173,436.846155385888,2.00537590164493,0.6,35
32.7740138929268,3.4896359420248,0.198630227357688,1092.11538846472,2.0047569242296,0.6,60
32.7867941063138,3.49002581560748,0.198608038215699,1120.86277189517,2.01197766743818,0.6,102
9.83603823189688,2.28605301128182,0.303206958517243,97.869125082052,2.00504148643292,0.7,0
17.9527901148846,2.88774554101016,0.240030560420319,326.230416940173,2.00419456975643,0.7,35
32.7718839087686,3.48957094988249,0.198633926782112,1087.43472313391,2.00356342853332,0.7,60
32.7867941063123,3.49002581560743,0.198608038215701,1120.862654528,2.01197763743514,0.7,102
6.55735882126459,1.88058790317366,0.368580048499833,43.3114011395165,2.00384991297271,0.8,0
14.657434331131,2.68494766962317,0.25816040603027,216.557005697583,2.00296410965095,0.8,35
32.7697539393491,3.48950595396569,0.198637626559201,1082.78502848791,2.00237277802592,0.8,60
32.7867941063108,3.49002581560739,0.198608038215704,1120.8625378645,2.01197760761199,0.8,102
3.27867941063229,1.18744072261371,0.583732027510593,10.781660660036,2.00249710021609,0.9,0
10.3634889400786,2.33828895041481,0.29643350127322,107.81660660036,2.00164812645426,0.9,35
32.7676239846875,3.48944095427453,0.198641326688978,1078.1660660036,2.00118496951394,0.9,60
32.7867941063093,3.49002581560734,0.198608038215707,1120.86242190468,2.01197757796871,0.9,102
32.7899414217302,3.49012180438745,0.198602575901101,1128.12603032881,2.01377302820674,0,0
32.7899414217302,3.49012180438745,0.198602575901101,1128.12603032881,2.01377302820674,0,35
32.7899414217302,3.49012180438745,0.198602575901101,1128.12603032881,2.01377302820674,0,60
32.7899414217302,3.49012180438745,0.198602575901101,1128.12603032881,2.01377302820674,0,102
29.5109472795572,3.38476128872962,0.20478465730152,909.209507477729,2.01271964778683,0.1,0
31.1060795444607,3.43740328382545,0.201648489667046,1010.23278608637,2.01254711575574,0.1,35
32.7874965915472,3.49004724123713,0.198606818947884,1122.4808734293,2.01237865700651,0.1,60
32.7899414217275,3.49012180438736,0.198602575901106,1128.12581655971,2.01377297391342,0.1,102
26.2319531373841,3.26697825307324,0.21216767510096,714.802583580665,2.01164681506742,0.2,0
29.3259066149619,3.37847131017288,0.205165921780309,893.503229475832,2.01130905819526,0.2,35
32.7850517818394,3.48997267315125,0.19861106245685,1116.87903684479,2.01098809578374,0.2,60
32.7899414217249,3.49012180438728,0.19860257590111,1128.12560420022,2.01377291997811,0.2,102
22.9529589952111,3.13344686044871,0.221209170421574,544.546861506623,2.01055077128088,0.3,0
27.4306921632389,3.31166253843497,0.209304895204544,777.924087866605,2.01005654070277,0.3,35
32.7826069926361,3.48989810013004,0.198615306428035,1111.32012552372,2.00960133754592,0.3,60
32.7899414217222,3.4901218043872,0.198602575901115,1128.12539325034,2.0137728664008,0.3,102
19.6739648530381,2.97929618062146,0.232654673633476,398.089349964072,2.00942642642433,0.4,0
25.3947108402454,3.23454091770464,0.21429538169263,663.482249940119,2.00878649136481,0.4,35
32.7801622239664,3.48982352217368,0.198619550861475,1105.8037499002,2.00821837565373,0.4,60
32.7899414217196,3.49012180438712,0.198602575901119,1128.12518371006,2.01377281318149,0.4,102
16.3949707108651,2.7969746238275,0.247820332245779,275.082381452359,2.00826656554924,0.5,0
23.1809265658344,3.14332980975441,0.220513666243028,550.164762904718,2.00749465827622,0.5,35
32.7777174758599,3.48974893928238,0.198623795757205,1100.32952580944,2.00683920382034,0.5,60
32.789941421717,3.49012180438704,0.198602575901124,1128.12497557939,2.01377276032019,0.5,102
13.1159765686921,2.57383107251329,0.26930562303108,175.183531904507,2.00706030526752,0.6,0
20.7324967679449,3.03170236145004,0.228632991606873,437.958829761268,2.00617481033681,0.6,35
32.7752727483458,3.48967435145635,0.198628041115261,1094.89707440317,2.00546381611029,0.6,60
32.7899414217143,3.49012180438696,0.198602575901129,1128.12476885832,2.01377270781689,0.6,102
9.83698242651905,2.28614900006151,0.30319422773463,98.0555419858582,2.00578968079508,0.7,0
17.9537342695466,2.88779813059817,0.240026189232406,326.851806619528,2.00481703207214,0.7,35
32.7728280414536,3.4895997586958,0.19863228693568,1089.50602206509,2.00409220693808,0.7,60
32.7899414217116,3.49012180438688,0.198602575901133,1128.12456354686,2.01377265567159,0.7,102
6.55798828434603,1.88068389195335,0.36856123643406,43.3662400130504,2.00442045292463,0.8,0
14.6580637616329,2.68499061144869,0.258156277196797,216.831200065252,2.0034033445089,0.8,35
32.7703833552126,3.48952516100094,0.198636533218497,1084.15600032626,2.00272437106623,0.8,60
32.789941421709,3.4901218043868,0.198602575901138,1128.12435964501,2.0137726038843,0.8,102
3.27899414217302,1.1875367113934,0.583684844358739,10.7884664578054,2.0028666230725,0.9,0
10.3638036514541,2.33831931727283,0.296429651604795,107.884664578054,2.00189200052313,0.9,35
32.7679386896525,3.48945055837197,0.198640779963748,1078.84664578054,2.00136030360306,0.9,60
32.7899414217064,3.49012180438672,0.198602575901142,1128.12415715276,2.01377255245502,0.9,102
32.78945279252,3.49010690247455,0.198603423886097,1126.99405023795,2.0134939791533,0,0
32.78945279252,3.49010690247455,0.198603423886097,1126.99405023795,2.0134939791533,0,35
32.78945279252,3.49010690247455,0.198603423886097,1126.99405023795,2.0134939791533,0,60
32.78945279252,3.49010690247455,0.198603423886097,1126.99405023795,2.0134939791533,0,102
29.510507513268,3.38474638681672,0.204785558900274,908.390580771881,2.0124622830464,0.1,0
31.1056397802439,3.43738914616066,0.201649319028701,1009.32286752431,2.01229324428686,0.1,35
32.787056829298,3.49003382864867,0.198607582215995,1121.46985280479,2.01212819624186,0.1,60
32.7894527925176,3.49010690247448,0.198603423886101,1126.99385302698,2.01349392901491,0.1,102
26.231562234016,3.26696335116034,0.212168642881702,714.231801367018,2.01141147147923,0.2,0
29.3255157153851,3.37845798058729,0.205166731255143,892.789751708773,2.01108054378088,0.2,35
32.7846608856585,3.48996075007992,0.198611740989945,1115.98718963597,2.01076607061952,0.2,60
32.7894527925151,3.4901069024744,0.198603423886105,1126.99365709194,2.0134938792009,0.2,102
22.952616954764,3.13343195853582,0.221210222443712,544.167387805193,2.01033785991044,0.3,0
27.4303501279265,3.31165006928389,0.209305683287314,777.381982578848,2.00985360843874,0.3,35
32.7822649616289,3.48988766676848,0.198615900207979,1110.54568939835,2.00940759565158,0.3,60
32.7894527925127,3.49010690247433,0.19860342388611,1126.99346243283,2.01349382971127,0.3,102
19.673671675512,2.97928127870856,0.232655837336851,397.852194892834,2.00923645896519,0.4,0
25.3944176687955,3.23452937305095,0.214296146553815,663.086991488056,2.00860942695088,0.4,35
32.7798690572367,3.48981457871456,0.198620059870132,1105.14498581343,2.00805276502882,0.4,60
32.7894527925102,3.49010690247425,0.198603423886114,1126.99326904964,2.01349378054602,0.4,102
16.39472639626,2.7969597219146,0.247821652606947,274.946179395175,2.00810019651539,0.5,0
23.1806822578121,3.14331927051608,0.22051440560352,549.892358790351,2.00734383139716,0.5,35
32.777473172509,3.48974148591832,0.198624219976439,1099.7847175807,2.00670157276691,0.5,60
32.7894527925078,3.49010690247418,0.198603423886118,1126.99307694239,2.01349373170515,0.5,102
13.115781117008,2.57381617060039,0.269307182260128,175.114324528188,2.0069184049148,0.6,0
20.7323013228728,3.03169293441405,0.228633702540166,437.785811320471,2.00605071393712,0.6,35
32.7750773074736,3.48966838837997,0.198628380526933,1094.46452830118,2.00535401320534,0.6,60
32.7894527925053,3.4901069024741,0.198603423886122,1126.99288611106,2.01349368318867,0.6,102
9.836835837756,2.28613409814861,0.303196204072753,98.0265659760707,2.00567347603817,0.7,0
17.9535876868895,2.88778996609862,0.240026867846065,326.755219920236,2.00472035557013,0.7,35
32.7726814621577,3.48959528609968,0.198632541521649,1089.18406640079,2.00401008100607,0.7,60
32.7894527925029,3.49010690247403,0.198603423886126,1126.99269655566,2.01349363499656,0.7,102
6.557890558504,1.88066899004045,0.368564156813708,43.3577194021533,2.00433185153611,0.8,0
14.6579660407697,2.68498394472991,0.258156918189569,216.788597010767,2.0033351342477,0.8,35
32.7702856365889,3.48952217907765,0.198636702960621,1083.94298505383,2.00266977115179,0.8,60
32.7894527925005,3.49010690247395,0.198603423886131,1126.99250827619,2.01349358712884,0.8,102
3.278945279252,1.1875218094805,0.583692168873236,10.7874094210644,2.00280924588485,0.9,0
10.3637547916153,2.33831460279196,0.296430249262577,107.874094210644,2.001854133367,0.9,35
32.7678898307947,3.48944906731406,0.198640864843883,1078.74094210644,2.00133307894389,0.9,60
32.789452792498,3.49010690247388,0.198603423886135,1126.99232127265,2.01349353958549,0.9,102
