"eigenDomAH","rVal","tDouble","Rzero","genTime","harvConst","tc"
1.57696007029865,0.455498987621439,1.52173155022688,6.23510108199005,4.01799968993327,0,0
1.57696007029865,0.455498987621439,1.52173155022688,6.23510108199005,4.01799968993327,0,76
1.57696007029865,0.455498987621439,1.52173155022688,6.23510108199005,4.01799968993327,0,95.5
1.57696007029865,0.455498987621439,1.52173155022688,6.23510108199005,4.01799968993327,0,152
1.41926406326879,0.350138471963615,1.97963730370073,4.08166725894911,4.01699801497437,0.1,0
1.49576501028101,0.402637788524974,1.72151546703856,5.03909538141866,4.01657922890003,0.1,76
1.5355536182416,0.428890979365344,1.61613839858707,5.59899486824295,4.01637520184383,0.1,95.5
1.57695997036979,0.455498924253403,1.52173176192691,6.23509479617524,4.01799803565637,0.1,152
1.26156805623892,0.232355436307228,2.98313304640501,2.54245700963344,4.01596345206687,0.2,0
1.40995110560389,0.343555026912146,2.01757251753792,3.97258907755225,4.01512984724873,0.2,76
1.49058685920315,0.399169907649827,1.73647153073475,4.96573634694032,4.01473548814546,0.2,95.5
1.57695987078207,0.455498861101688,1.52173197290432,6.23508854423928,4.01799639139746,0.2,152
1.10387204920905,0.0988240436827076,7.01395282696,1.48701031270751,4.01488937218205,0.3,0
1.31862005995178,0.27658578064958,2.50608393147342,3.03471492389288,4.01364628350755,0.3,76
1.44123894042653,0.365503118973443,1.89641933154149,4.33530703413269,4.01307775056368,0.3,95.5
1.57695977153418,0.455498798165471,1.52173218316186,6.23508232598086,4.01799475709295,0.3,152
0.946176042179187,-0.0553266361445534,-12.5282726162664,0.800860738759905,4.01376663628938,0.4,0
1.22053810687286,0.199291832709112,3.47805111297093,2.22461316322196,4.0121214723532,0.4,76
1.38634569879281,0.326671291595667,2.12184908313853,3.70768860536993,4.01139830390968,0.4,95.5
1.57695967262481,0.455498735443914,1.52173239270231,6.23507614119864,4.01799313267936,0.4,152
0.788480035149324,-0.237648192938506,-2.91669451380724,0.385357861699498,4.01258201765948,0.5,0
1.11392902358529,0.107893426356198,6.42436897194829,1.54143144679799,4.01054550049252,0.5,76
1.32416797939429,0.280784322121463,2.46861069493795,3.08286289359598,4.00969209270341,0.5,95.5
1.57695957405264,0.455498672936185,1.52173260152847,6.23506998969129,4.01799151809321,0.5,152
0.630784028119459,-0.460791744252716,-1.50425260262431,0.157491960772341,4.01131506323331,0.6,0
0.996066678057975,-0.00394107779697129,-175.877568591167,0.984324754827131,4.00890360456728,0.6,76
1.2519172652255,0.224676188406132,3.08509408797247,2.46081188706783,4.00795178730841,0.6,95.5
1.57695947581638,0.455498610641459,1.52173280964308,6.23506387125747,4.01798991327091,0.6,152
0.473088021089595,-0.748473816704496,-0.926080732672585,0.0497209786370625,4.00993095895087,0.7,0
0.862361968856225,-0.148080178992491,-4.68089102320098,0.552455318189583,4.00717182375699,0.7,76
1.16464064638648,0.152412581397346,4.54783439926709,1.84151772729861,4.00616588087633,0.7,95.5
1.57695937791471,0.455498548558901,1.52173301704893,6.23505778569586,4.01798831814898,0.7,152
0.315392014059729,-1.15393892481266,-0.600679260969098,0.00979970165619912,4.00836061385565,0.8,0
0.703866836792741,-0.351166092998682,-1.97384427021702,0.244992541404978,4.00530558100061,0.8,76
1.05197878810363,0.0506729507126464,13.6788399098882,1.22496270702489,4.0043138880732,0.8,95.5
1.57695928034631,0.455498486687683,1.5217332237488,6.23505173280513,4.01798673266389,0.8,152
0.157696007029865,-1.84708610537261,-0.375265223718479,0.000611129268198072,4.00641964194282,0.9,0
0.497480029382221,-0.698199865134483,-0.992763269048234,0.0611129268198073,4.00319737443377,0.9,76
0.884228805205193,-0.123039420417409,-5.63353743221852,0.611129268198073,4.0023495906573,0.9,95.5
1.57695918310988,0.455498425026966,1.52173342974547,6.23504571238394,4.01798515675217,0.9,152
1.65001058705596,0.500781704289456,1.38413039977854,7.46291119132637,4.01361623437866,0,0
1.65001058705596,0.500781704289456,1.38413039977854,7.46291119132637,4.01361623437866,0,76
1.65001058705596,0.500781704289456,1.38413039977854,7.46291119132637,4.01361623437866,0,95.5
1.65001058705596,0.500781704289456,1.38413039977854,7.46291119132637,4.01361623437866,0,152
1.48500952835036,0.395421188631629,1.75293383482713,4.88792799474191,4.01285650934704,0.1,0
1.56512807752762,0.447967659319313,1.54731522720453,6.03447900585421,4.01254305898134,0.1,76
1.60679819916717,0.474243502745059,1.46158498017961,6.70497667317134,4.01239031572053,0.1,95.5
1.6500105446386,0.500781678582128,1.38413047083205,7.46290770421161,4.01361550735511,0.1,152
1.32000846964477,0.277638152975247,2.4965847565689,3.046228098621,4.01207155563757,0.2,0
1.4754082407218,0.388934724867809,1.78216841089602,4.75973140409532,4.01144752366977,0.2,76
1.55985699927854,0.444594149930614,1.55905600797519,5.94966425511915,4.01115217222872,0.2,95.5
1.65001050232865,0.500781652939899,1.38413054170563,7.46290423168306,4.01361478371219,0.2,152
1.15500741093917,0.144106760350723,4.80995602755196,1.78255754815956,4.01125635231007,0.3,0
1.37991030222231,0.322018498666997,2.15250733553894,3.6378725472644,4.01032565237992,0.3,76
1.50832731923179,0.41100130122619,1.68648415100389,5.19696078180628,4.00989968831476,0.3,95.5
1.6500104601258,0.50078162736258,1.38413061239982,7.46290077367267,4.01361406343321,0.3,152
0.990006352233575,-0.010043919476536,-69.0116226219488,0.960520288018381,4.01040398018362,0.4,0
1.27734215495705,0.244781477698268,2.83169783546433,2.66811191116217,4.00917210777008,0.4,76
1.45098994769687,0.372246046033028,1.86206727498308,4.44685318527028,4.0086300782903,0.4,95.5
1.65001041802976,0.500781601849985,1.38413068291511,7.4628973301124,4.01361334650146,0.4,152
0.82500529352798,-0.192365476270489,-3.6032826367726,0.462416060506256,4.00950443006656,0.5,0
1.1658435860418,0.153444933168203,4.5172373323017,1.84966424202502,4.00797940422932,0.5,76
1.38602349437873,0.326438851835247,2.123359939122,3.69932848405005,4.00733952171131,0.5,95.5
1.6500103760402,0.500781576401928,1.38413075325204,7.46289390093422,4.01361263290025,0.5,152
0.660004234822385,-0.415509027584698,-1.66818801648937,0.189079922066839,4.00854223290726,0.6,0
1.04255955834257,0.0416788033635712,16.6306881345298,1.18174951291774,4.00673639941357,0.6,76
1.3105075906515,0.27041453594425,2.56327633475609,2.95437378229436,4.00602248178816,0.6,95.5
1.65001033415681,0.500781551018218,1.38413082341112,7.46289048607008,4.01361192261288,0.6,152
0.495003176116787,-0.703191100036482,-0.985716657284178,0.0597233592597205,4.00749107544757,0.7,0
0.902683978603711,-0.102382755142044,-6.77015557549986,0.663592880663562,4.00542502015639,0.7,76
1.21925513844679,0.198240130031617,3.49650285464097,2.21197626887854,4.00467027095287,0.7,95.5
1.6500102923793,0.500781525698671,1.38413089339287,7.46288708545196,4.01361121562265,0.7,152
0.330002117411192,-1.10865620814464,-0.625213817834421,0.0117769857322341,4.0062987795384,0.8,0
0.736845693599369,-0.305376779678181,-2.26980971274376,0.294424643305852,4.00401166728497,0.8,76
1.10141699095968,0.0965975244202668,7.17562054224361,1.47212321652926,4.00326743366952,0.8,95.5
1.65001025070736,0.500781500443104,1.38413096319779,7.4628836990118,4.01361051191283,0.8,152
0.165001058705596,-1.80180338870459,-0.384696346396754,0.000734801980957564,4.0048262501609,0.9,0
0.520851166800225,-0.652290946369442,-1.06263498584168,0.0734801980957564,4.00241539033449,0.9,76
0.925885865589613,-0.077004307235311,-9.00140791399908,0.734801980957564,4.00177913151268,0.9,95.5
1.65001020914065,0.500781475251319,1.38413103282642,7.46288032668157,4.01360981146678,0.9,152
1.38444810222644,0.325301578077219,2.130783332368,3.69134656957971,4.01470943734308,0,0
1.38444810222644,0.325301578077219,2.130783332368,3.69134656957971,4.01470943734308,0,76
1.38444810222644,0.325301578077219,2.130783332368,3.69134656957971,4.01470943734308,0,95.5
1.38444810222644,0.325301578077219,2.130783332368,3.69134656957971,4.01470943734308,0,152
1.2460032920038,0.219941062419393,3.15151328694695,2.41771683984938,4.01391004715651,0.1,0
1.31319423282312,0.272462514938364,2.54400933176715,2.98483560475232,4.0135600737243,0.1,76
1.34814064005544,0.298726339433211,2.320341694258,3.31648400528035,4.01338961095866,0.1,95.5
1.38444804281656,0.325301535164899,2.13078361345138,3.69134487252589,4.01470855367671,0.1,152
1.10755848178116,0.102158026763012,6.78504864006351,1.50677057363165,4.01308326509563,0.2,0
1.23788359485985,0.213403143072506,3.24806453447802,2.35432902129945,4.01238593723679,0.2,76
1.30870609164614,0.269038932799217,2.57638243412613,2.94291127662431,4.01205621175287,0.2,95.5
1.38444798358493,0.325301492381324,2.13078389369154,3.6913431825266,4.01470767429543,0.2,152
0.96911367155851,-0.0313733658615114,-22.09349113575,0.881723327940176,4.0122236129765,0.3,0
1.15772721317144,0.146458784191029,4.73271155696514,1.79943536314322,4.01118261218874,0.3,76
1.26542350089851,0.235406849471033,2.94446479411058,2.57062194734745,4.01070688728736,0.3,95.5
1.38444792453092,0.32530144972605,2.13078417309137,3.69134149954907,4.01470679917742,0.3,152
0.830668861335865,-0.185524045688771,-3.73615817823823,0.475115678721211,4.01132353320736,0.4,0
1.07164146902866,0.0691915561745899,10.0178001317233,1.31976577422559,4.00994416695414,0.4,76
1.21727038225781,0.196610960452963,3.52547578712313,2.19960962370931,4.00933853857732,0.4,95.5
1.38444786565394,0.325301407198642,2.13078445165373,3.69133982356054,4.01470592830076,0.4,152
0.69222405111322,-0.367845602482726,-1.88434271303405,0.228733494257255,4.01037207927912,0.5,0
0.97806630418841,-0.0221778155516728,-31.2540781550356,0.91493397702902,4.00866227583603,0.5,76
1.16271923505697,0.150761429994971,4.59764265026584,1.82986795405804,4.00794691332963,0.5,95.5
1.38444780695338,0.325301364798663,2.13078472938148,3.69133815452824,4.0147050616436,0.5,152
0.553779240890578,-0.590989153796934,-1.17285939362284,0.0935290002175531,4.00935230841411,0.6,0
0.874607355103908,-0.133980230361217,-5.17350342428274,0.584556251359707,4.0073245345796,0.6,76
1.09932090441517,0.0946926295368301,7.31996971623172,1.46139062839927,4.00652584530314,0.6,95.5
1.38444774842864,0.325301322525677,2.13078500627747,3.69133649241941,4.01470419918402,0.6,152
0.415334430667933,-0.878671226248715,-0.788858403295141,0.0295426272051601,4.00823534834571,0.7,0
0.757234012576312,-0.278082941775295,-2.49259151293085,0.328251413390667,4.0059108007878,0.7,76
1.02272525061313,0.0224708786718334,30.8464653600211,1.09417137796889,4.00506565265045,0.7,95.5
1.38444769007911,0.32530128037925,2.13078528234456,3.69133483720127,4.01470334090011,0.7,152
0.276889620445289,-1.28413633435688,-0.539776939577905,0.00582563179847846,4.00696381255417,0.8,0
0.61808719663755,-0.481125736594626,-1.4406778266862,0.145640794961962,4.00438357532524,0.8,76
0.923833675423845,-0.0792232284958378,-8.74929226844576,0.728203974809808,4.00354909631515,0.8,95.5
1.38444763190419,0.32530123835894,2.13078555758562,3.69133318884106,4.01470248677005,0.8,152
0.138444810222644,-1.97728351491682,-0.350555282199429,0.000363482231352574,4.0053841973339,0.9,0
0.436877086839621,-0.828103389262418,-0.837029759263905,0.0363482231352574,4.00265232733907,0.9,76
0.776558159070787,-0.252883740201679,-2.74097172086726,0.363482231352574,4.00193727167843,0.9,95.5
1.38444757390328,0.325301196464313,2.1307858320035,3.69133154730602,4.01470163677191,0.9,152
1.76534908865992,0.568348454771895,1.21958135847864,9.78063153400318,4.01233439951219,0,0
1.76534908865992,0.568348454771895,1.21958135847864,9.78063153400318,4.01233439951219,0,76
1.76534908865992,0.568348454771895,1.21958135847864,9.78063153400318,4.01233439951219,0,95.5
1.76534908865992,0.568348454771895,1.21958135847864,9.78063153400318,4.01233439951219,0,152
1.58881417979393,0.462987939114067,1.49711714280569,6.40667830127222,4.01163998881238,0.1,0
1.67456151845236,0.515551350978217,1.34447747880934,7.90947938428669,4.01135979622494,0.1,76
1.71915919900589,0.541835333517948,1.27925799164773,8.78831042698521,4.01122323225034,0.1,95.5
1.76534905838963,0.568348437624979,1.21958139527308,9.78062780116094,4.01233384904445,0.1,152
1.41227927092794,0.345204903457682,2.00792970672538,3.99318908719551,4.01092269478487,0.2,0
1.57859675091541,0.456536320083665,1.51827390301153,6.23935794874298,4.01036501087652,0.2,76
1.66897848272377,0.512211752280099,1.35324341441682,7.79919743592873,4.01010095225,0.2,95.5
1.76534902818619,0.568348420515928,1.21958143198626,9.78062408288711,4.01233330092989,0.2,152
1.23574436206194,0.21167351083316,3.27460520606322,2.33695418893447,4.01017798360131,0.3,0
1.47644791706316,0.389639146986494,1.77894645833411,4.76929426313156,4.00934647561568,0.3,76
1.61388687541823,0.478645477811586,1.44814317212205,6.81327751875938,4.00896566169226,0.3,95.5
1.76534899804941,0.568348403444643,1.21958146861841,9.78062037911797,4.01233275515775,0.3,152
1.05920945319595,0.0575228310059026,12.0499490104863,1.25939571696604,4.00939961022258,0.4,0
1.36673213251008,0.312422585731543,2.21862058703896,3.49832143601677,4.00829940259825,0.4,76
1.55257951008375,0.43991774773873,1.57562904457224,5.83053572669462,4.0078148621525,0.4,95.5
1.76534896797914,0.568348386411033,1.21958150516971,9.78061668978986,4.01233221171723,0.4,152
0.882674544329962,-0.124798725788051,-5.55412065454207,0.606369650418334,4.00857854541322,0.5,0
1.24745849507968,0.221108277612849,3.13487666786322,2.42547860167334,4.00721707932798,0.5,76
1.48310703519725,0.394139235330315,1.75863532078719,4.85095720334667,4.00664512800278,0.5,95.5
1.76534893797521,0.568348369414995,1.2195815416404,9.78061301483907,4.01233167059759,0.5,152
0.706139635463968,-0.347942277102263,-1.99213267882426,0.247969739765321,4.00770084322729,0.6,0
1.11557138762833,0.109366728923766,6.33782492519369,1.54981087353326,4.00608951847275,0.6,76
1.40234391329282,0.338145060451502,2.04985156262355,3.87452718383315,4.00545149610298,0.6,95.5
1.76534890803744,0.568348352456442,1.21958157803065,9.78060935420194,4.01233113178799,0.6,152
0.529604726597976,-0.635624349554044,-1.09049815515447,0.0783332368351727,4.0067427989269,0.7,0
0.9659270670238,-0.0346669475952482,-19.9944681791066,0.870369298168586,4.00490052852006,0.7,76
1.30473863094789,0.266002737916825,2.60578964708507,2.90123099389529,4.00422618173427,0.7,95.5
1.76534887816567,0.568348335535272,1.21958161434068,9.78060570781476,4.0123305952777,0.7,152
0.353069817731984,-1.04108945766221,-0.66579022144401,0.0154484323921909,4.00565745179971,0.8,0
0.788496016259907,-0.237627924893764,-2.91694328799879,0.386210809804774,4.00362002753619,0.8,76
1.17867984579452,0.164395037431532,4.2163510005503,1.93105404902387,4.00295534165155,0.8,95.5
1.76534884835974,0.568348318651394,1.21958165057069,9.78060207561386,4.01233006105592,0.8,152
0.176534908865992,-1.73423663822215,-0.399684313710799,0.000963981853592739,4.00431978805608,0.9,0
0.557385005089537,-0.58449906582191,-1.18588244377304,0.096398185359274,4.00217560369802,0.9,76
0.990874871512737,-0.00916701749533177,-75.6131621776575,0.96398185359274,4.0016077902511,0.9,95.5
1.76534881861947,0.568348301804712,1.21958168672089,9.78059845753554,4.01232952911186,0.9,152
1.58596925983965,0.461195740830401,1.50293491286781,6.37993803115491,4.01816023059476,0,0
1.58596925983965,0.461195740830401,1.50293491286781,6.37993803115491,4.01816023059476,0,76
1.58596925983965,0.461195740830401,1.50293491286781,6.37993803115491,4.01816023059476,0,95.5
1.58596925983965,0.461195740830401,1.50293491286781,6.37993803115491,4.01816023059476,0,152
1.42737233385569,0.355835225172577,1.94794424926249,4.17637214946493,4.01714856129725,0.1,0
1.50430877276114,0.408333505494267,1.6975025836318,5.15601499933942,4.01672645547717,0.1,76
1.54432388326991,0.434586198561348,1.59495902735645,5.72890555482157,4.0165208090196,0.1,95.5
1.58596915760982,0.461195676371501,1.50293512292514,6.37993137413441,4.01815852974483,0.1,152
1.26877540787172,0.238052189516191,2.91174461351804,2.60138056159118,4.01610374294421,0.2,0
1.41800314921678,0.349249648993776,1.98467538208549,4.06465712748622,4.01526356862695,0.2,76
1.49909793569957,0.404863551008682,1.71205132897993,5.08082140935777,4.01486609309469,0.2,95.5
1.58596905573113,0.461195612134002,1.50293533226103,6.37992475342059,4.01815683930228,0.2,152
1.11017848188776,0.104520796891668,6.6316675836137,1.52143351883913,4.01501909087942,0.3,0
1.32614897919835,0.28227923778923,2.45553724031768,3.10496636497781,4.01376626798682,0.3,76
1.44946589152372,0.371195137901412,1.86733906181725,4.43566623568258,4.01319326312358,0.3,95.5
1.58596895420223,0.461195548117046,1.50293554087828,6.37991816879522,4.01815515920047,0.3,152
0.951581555903791,-0.0496298829355905,-13.9663271311663,0.81937890224865,4.01388538966125,0.4,0
1.22750547282084,0.20498403918645,3.38146903198385,2.27605250624625,4.01222743385468,0.4,76
1.39425696039203,0.332361628487387,2.08552107448303,3.79342084374375,4.01149860578086,0.4,95.5
1.58596885302174,0.461195484319774,1.50293574877968,6.37991162004008,4.01815348937275,0.4,152
0.792984629919827,-0.231951439729544,-2.98832885610952,0.394258276282585,4.01268930243036,0.5,0
1.12028629580611,0.113584273896912,6.10249250868161,1.57703310513034,4.01063707681291,0.5,76
1.3317220868691,0.286472906857446,2.41959069764621,3.15406621026068,4.00977702706589,0.5,95.5
1.58596875218832,0.461195420741335,1.50293595596801,6.37990510693691,4.0181518297524,0.5,152
0.634387703935861,-0.455094991043754,-1.5230824205958,0.161125342495595,4.01141020666177,0.6,0
1.00174979702849,0.00174826791716697,396.476520419808,1.00703339059747,4.00898032042145,0.6,76
1.25905687963281,0.230362932463311,3.0089353922873,2.51758347649367,4.00802114157821,0.6,95.5
1.5859686517006,0.461195357380872,1.50293616244606,6.37989862926749,4.01815018027279,0.6,152
0.475790777951895,-0.742777063495537,-0.933183339423499,0.0508667565430621,4.01001300158986,0.7,0
0.867280750512464,-0.142392536265967,-4.86786174849261,0.565186183811801,4.00723302085283,0.7,76
1.17128023302987,0.158097366856238,4.38430566139814,1.88395394603934,4.00621935502513,0.7,95.5
1.58596855155725,0.461195294237532,1.50293636821661,6.37989218681358,4.01814854086719,0.7,152
0.31719385196793,-1.1482421716037,-0.603659400169789,0.0100252726612176,4.0084280318712,0.8,0
0.707880157955295,-0.345480468040658,-2.00632812758136,0.250631816530439,4.00535026194846,0.8,76
1.05797383883633,0.0563556061325967,12.2995248942771,1.25315908265219,4.00435102655822,0.8,95.5
1.58596845175688,0.461195231310449,1.50293657328248,6.37988577935695,4.01814691146904,0.8,152
0.158596925983965,-1.84138935216365,-0.376426191313365,0.000625180508092456,4.00646942392156,0.9,0
0.50031525659559,-0.692516866058694,-1.00091017927814,0.0625180508092456,4.00322372907423,0.9,76
0.889265719300579,-0.117359191277952,-5.90620276956668,0.625180508092456,4.00236958760027,0.9,95.5
1.58596835229815,0.461195168598776,1.50293677764643,6.37987940667935,4.01814529201159,0.9,152
2.08242885682708,0.733534932087355,0.944940929517178,19.0271938916646,4.01599035640605,0,0
2.08242885682708,0.733534932087355,0.944940929517178,19.0271938916646,4.01599035640605,0,76
2.08242885682708,0.733534932087355,0.944940929517178,19.0271938916646,4.01599035640605,0,95.5
2.08242885682708,0.733534932087355,0.944940929517178,19.0271938916646,4.01599035640605,0,152
1.87418597114437,0.62817441642953,1.1034310892502,12.4554782769941,4.0150641006896,0.1,0
1.97529311950819,0.680716802281533,1.01826071904902,15.3771336753014,4.01471150783086,0.1,76
2.02787953538468,0.706990683266754,0.980419115789698,17.0857040836682,4.01453960077212,0.1,95.5
2.08242879825674,0.733534903961384,0.944940965749103,19.0271742120619,4.01598910038519,0.1,152
1.66594308546166,0.510391380773145,1.35806991785394,7.7583261043241,4.01410893659219,0.2,0
1.8620528298834,0.621679551107268,1.11495895164219,12.1223845380064,4.01340803458246,0.2,76
1.96862458131486,0.677335116833611,1.02334452080419,15.152980672508,4.01307593406746,0.2,95.5
2.08242873983921,0.73353487590879,0.944941001886506,19.0271546395554,4.01598785163431,0.2,152
1.45770019977896,0.376859988148623,1.83926976160331,4.53753542961777,4.01311907685001,0.3,0
1.74152075945598,0.554758731198454,1.24945700099668,9.26027638697504,4.01207546713125,0.3,76
1.90357911967994,0.643735861345626,1.07675713313693,13.2289662671072,4.01159698351867,0.3,95.5
2.08242868157404,0.733534847929358,0.944941037929664,19.0271351735024,4.01598661010855,0.3,152
1.24945731409625,0.222709308321367,3.11234041264114,2.44373845881907,4.01208655687238,0.4,0
1.61206630858506,0.477516777596417,1.45156612935969,6.78816238560853,4.01070781047433,0.4,76
1.83120454293576,0.604973970504911,1.14574711368399,11.3136039760142,4.01009962673225,0.4,95.5
2.08242862346077,0.733534820022869,0.944941073878859,19.0271158132603,4.01598537576309,0.4,152
1.04121442841354,0.0403877515274095,17.1623116996136,1.17585467509318,4.01099987280462,0.5,0
1.47134194531944,0.386174872334241,1.79490492576641,4.70341870037272,4.00929666397125,0.5,76
1.74920231187482,0.559159862231273,1.2396225612368,9.40683740074544,4.00857958397605,0.5,95.5
2.08242856549895,0.733534792189107,0.94494110973437,19.0270965581864,4.01598414855309,0.5,152
0.83297154273083,-0.182755799786802,-3.79275066164004,0.480551080269143,4.00984127773435,0.6,0
1.31574469962274,0.27440281683607,2.5260206456774,3.00344425168214,4.00782953578368,0.6,76
1.65388700978998,0.503128280960892,1.37767485309343,7.50861062920536,4.00703065635999,0.6,95.5
2.08242850768812,0.733534764427854,0.944941145496478,19.0270774076381,4.01598292843375,0.6,152
0.624728657048124,-0.470437872238579,-1.47340854438781,0.151709442187957,4.00858065080188,0.7,0
1.13920942761285,0.130334537284635,5.31821568557992,1.68566046875508,4.00628618837667,0.7,76
1.53871267571653,0.430946141986126,1.60843110780711,5.61886822918358,4.00544312326946,0.7,95.5
2.08242845002784,0.733534736738894,0.94494118116546,19.0270583609728,4.0159817153602,0.7,152
0.416485771365415,-0.875902980346747,-0.791351549329752,0.0299004419354327,4.00715843763427,0.8,0
0.929910017514419,-0.0726674528767768,-9.53861946606721,0.747511048385818,4.00462905822135,0.8,76
1.38998801359554,0.32929512379286,2.10494213390164,3.73755524192909,4.00379970365482,0.8,95.5
2.08242839251765,0.733534709122006,0.944941216741602,19.0270394175479,4.01598050928764,0.8,152
0.208242885682707,-1.56905016090669,-0.441762282576997,0.00186461717580159,4.00541657061599,0.9,0
0.657314956485286,-0.419591989543848,-1.6519552275378,0.186461717580159,4.0027678566055,0.9,76
1.16845656907816,0.155683706208605,4.45227825981467,1.86461717580159,4.00206148435298,0.9,95.5
2.08242833515709,0.733534681576973,0.944941252225182,19.0270205767206,4.01597931017125,0.9,152
1.87497298681683,0.628594252287567,1.10269411156316,12.4887881946143,4.01663121829978,0,0
1.87497298681683,0.628594252287567,1.10269411156316,12.4887881946143,4.01663121829978,0,76
1.87497298681683,0.628594252287567,1.10269411156316,12.4887881946143,4.01663121829978,0,95.5
1.87497298681683,0.628594252287567,1.10269411156316,12.4887881946143,4.01663121829978,0,152
1.68747568813514,0.52323373662974,1.32473717200396,8.17548763545693,4.01568212733265,0.1,0
1.77848509106669,0.575761929501789,1.20387810489612,10.0931946116752,4.01530785114196,0.1,76
1.8258196181303,0.602028992041439,1.15135182810637,11.2146606796391,4.01512542340922,0.1,95.5
1.8749729161365,0.628594214590851,1.10269417769158,12.4887755754109,4.01662985171182,0.1,152
1.49997838945346,0.405450700973356,1.70957203649154,5.09247559302114,4.01470282939292,0.2,0
1.67650233571007,0.516709680129301,1.34146350884406,7.95699311409553,4.01395843500839,0.2,76
1.77243062183988,0.572351837241956,1.21105085274134,9.94624139261941,4.0136059340517,0.2,95.5
1.87497284565944,0.628594177002538,1.10269424362986,12.488763024348,4.0166284931093,0.2,152
1.31248109077178,0.271919308348834,2.5490914373419,2.97843818626656,4.01368726328648,0.3,0
1.56795606254884,0.449772900201961,1.54110481144752,6.07844527809502,4.01257824032632,0.3,76
1.71382947091917,0.53873032334681,1.28663108520388,8.68349325442145,4.01207023757257,0.3,95.5
1.87497277538497,0.628594139522276,1.10269430937859,12.4887505410198,4.01662714244282,0.3,152
1.12498379209009,0.117768628521574,5.8856691231058,1.60409797332836,4.0126270819318,0.4,0
1.45137852207182,0.372513809675942,1.86072881744419,4.4558277036899,4.01116092055611,0.4,76
1.64863122023818,0.499945380142267,1.38644581606635,7.42637950614983,4.01051502653158,0.4,95.5
1.87497270531242,0.62859410214971,1.10269437493841,12.4887381250208,4.01662579966302,0.4,152
0.937486493408414,-0.0645529282723786,-10.7376566657865,0.771857963114129,4.01151021988652,0.5,0
1.32465663297771,0.281153280931852,2.46537112518334,3.08743185245652,4.0096975781154,0.5,76
1.57476688767449,0.454107253497634,1.52639530688218,6.17486370491303,4.00893576609886,0.5,95.5
1.87497263544115,0.628594064884488,1.10269444030993,12.4887257759453,4.01662446472048,0.5,152
0.749989194726731,-0.287696479586589,-2.40930018176092,0.315450222056807,4.01031804729364,0.6,0
1.18454725719256,0.169360640142146,4.09272886532657,1.97156388785505,4.00817497471443,0.6,76
1.48891912145567,0.398050434869794,1.74135516467073,4.92890971963762,4.00732588551323,0.6,95.5
1.87497256577049,0.628594027726258,1.10269450549377,12.4887134933877,4.01662313756584,0.6,152
0.562491896045048,-0.575378552038371,-1.20468025459823,0.0995890066271413,4.00901891031742,0.7,0
1.02559098119969,0.0252690134635552,27.4307179249262,1.10654451807935,4.00657164890937,0.7,76
1.38519570863984,0.325841435533708,2.12725302853093,3.68848172693116,4.00567507667361,0.7,95.5
1.87497249629977,0.628593990674668,1.10269457049055,12.4887012769423,4.01662181814967,0.7,152
0.374994597363365,-0.980843660146534,-0.706684672311989,0.0196283536559504,4.00755013535849,0.8,0
0.837142773325094,-0.177760645590005,-3.89932866332322,0.490708841398761,4.00484773080499,0.8,76
1.25127270649893,0.224161198534726,3.09218180974601,2.45354420699381,4.00396500457459,0.8,95.5
1.87497242702835,0.628593953729365,1.10269463530089,12.4886891262035,4.01662050642261,0.8,152
0.187497298681683,-1.67399084070648,-0.41406868168252,0.00122406193957852,4.00574503090564,0.9,0
0.591720312883439,-0.524721200188826,-1.32098184771362,0.122406193957852,4.00290726808369,0.9,76
1.05181420675832,0.0505164891728892,13.7212065190773,1.22406193957852,4.00215435298102,0.9,95.5
1.87497235795554,0.628593916889992,1.10269469992541,12.4886770407656,4.01661920233527,0.9,152
1.84825064596454,0.614239594955642,1.12846385392984,11.764642450902,4.01325256634095,0,0
1.84825064596454,0.614239594955642,1.12846385392984,11.764642450902,4.01325256634095,0,76
1.84825064596454,0.614239594955642,1.12846385392984,11.764642450902,4.01325256634095,0,95.5
1.84825064596454,0.614239594955642,1.12846385392984,11.764642450902,4.01325256634095,0,152
1.66342558136809,0.508879079297818,1.36210586907285,7.70506264591904,4.01250057697517,0.1,0
1.7531900162891,0.561436994981567,1.234594775114,9.51242301965313,4.01220199371204,0.1,76
1.79987701385518,0.587718336931807,1.17938668406797,10.5693589107257,4.01205645305595,0.1,95.5
1.84825060960149,0.614239575281333,1.12846389007493,11.7646365293125,4.01325187543793,0.1,152
1.47860051677163,0.391096043641433,1.77231959215481,4.80169723016675,4.01172415457189,0.2,0
1.65270965411245,0.502416155566141,1.37962757144798,7.50265192213554,4.01113006684945,0.2,76
1.74732560693936,0.558086394403047,1.24200695001957,9.37831490266943,4.01084871701766,0.2,95.5
1.84825057332254,0.614239555652531,1.12846392613642,11.764630633071,4.01325118774486,0.2,152
1.29377545217518,0.257564651016912,2.69115803672311,2.80968059667572,4.01091844763214,0.3,0
1.54575552051136,0.435512800862981,1.59156557324252,5.73404203403209,4.01003298786752,0.3,76
1.68963325746246,0.524511497966803,1.32150998261589,8.19148862004584,4.00962733932474,0.3,95.5
1.84825053712749,0.614239536069117,1.12846396211453,11.7646247620563,4.01325050324578,0.3,152
1.10895038757872,0.103413971189652,6.70264542194959,1.51391341542273,4.01007677516335,0.4,0
1.4308799454426,0.358289601487171,1.93460032801082,4.20531504284092,4.00890566085392,0.4,76
1.62543396762979,0.485774837131276,1.42688984191379,7.00885840473487,4.00838966236285,0.4,95.5
1.84825050101609,0.614239516530966,1.12846399800948,11.7646189161476,4.01324982192476,0.4,152
0.92412532298227,-0.0789075856043033,-8.78429082896871,0.728800343202411,4.00918948031851,0.5,0
1.30599875638421,0.266968078621173,2.59636726660314,2.91520137280964,4.00774094237696,0.5,76
1.55268706196121,0.439987018363334,1.57538098087148,5.83040274561929,4.00713204247723,0.5,95.5
1.84825046498814,0.614239497037967,1.12846403382149,11.764613095224,4.01324914376581,0.5,152
0.739300258385819,-0.30205113691851,-2.294800766623,0.297990417730228,4.00824165276374,0.6,0
1.16791318556018,0.155218554212265,4.46562064746492,1.86244011081393,4.00652820561933,0.6,76
1.46812057637655,0.383983063315591,1.80515040057966,4.65610027703482,4.00584920094989,0.6,95.5
1.84825042904342,0.614239477589993,1.12846406955077,11.7646072991644,4.01324846875301,0.6,152
0.554475193789362,-0.589733209370295,-1.17535721161112,0.0941201039853377,4.00720795905381,0.7,0
1.01123851356691,0.0111758306777595,62.021983022644,1.04577893317042,4.0052502257356,0.7,76
1.36592291718919,0.311830329973071,2.22283438759727,3.48592977723473,4.00453285855373,0.7,95.5
1.84825039318169,0.614239458186927,1.12846410519756,11.764601527848,4.01324779687041,0.7,152
0.369650129192909,-0.995198317478455,-0.696491511677974,0.0185589613349518,4.00603823954197,0.8,0
0.825475355566549,-0.191795870014837,-3.61398386996719,0.463974033373795,4.00387500950316,0.8,76
1.23393876688118,0.210211302599799,3.29738302359298,2.31987016686897,4.00316829375179,0.8,95.5
1.84825035740275,0.61423943882865,1.12846414076207,11.7645957811537,4.01324712810205,0.8,152
0.184825064596455,-1.6883454980384,-0.41054818540712,0.00115790050747781,4.00459907579773,0.9,0
0.583517420300054,-0.538680972859607,-1.28674895807132,0.115790050747781,4.00232557619155,0.9,76
1.03731572133847,0.0366363393597523,18.9196626265947,1.15790050747781,4.00172234651141,0.9,95.5
1.84825032170636,0.614239419515038,1.12846417624451,11.7645900589606,4.013246462432,0.9,152
2.05840537842112,0.721931594895471,0.960128612545773,18.1570792033793,4.015699747618,0,0
2.05840537842112,0.721931594895471,0.960128612545773,18.1570792033793,4.015699747618,0,76
2.05840537842112,0.721931594895471,0.960128612545773,18.1570792033793,4.015699747618,0,95.5
2.05840537842112,0.721931594895471,0.960128612545773,18.1570792033793,4.015699747618,0,152
1.85256484057901,0.616571079237644,1.12419671291911,11.8865170556253,4.01479216360502,0.1,0
1.9525086999736,0.669115058534118,1.03591627735666,14.6747124143522,4.01444525016242,0.1,76
2.00449008163934,0.69538970504096,0.996775154327483,16.3052360159469,4.01427611591954,0.1,95.5
2.05840532250419,0.721931567730302,0.960128648673929,18.157061695253,4.0156985630566,0.1,152
1.6467243027369,0.498788043581262,1.38966278257834,7.40431878193856,4.01385613571829,0.2,0
1.84057770279478,0.610079491253179,1.13615879651377,11.569248096779,4.01316645926053,0.2,76
1.94592328762828,0.665736562446353,1.04117337045883,14.4615601209737,4.01283969334263,0.2,95.5
2.05840526673146,0.721931540635184,0.960128684708922,18.1570442802075,4.01569738520517,0.2,152
1.44088376489479,0.365256650956739,1.89769899807257,4.33071775688033,4.01288597524926,0.3,0
1.72143881808363,0.543160463277362,1.27613703025729,8.8381995038374,4.01185897574349,0.3,76
1.88163260353484,0.632139806130958,1.09650930670287,12.6259992911963,4.01138814422594,0.3,95.5
2.05840521110248,0.721931513609906,0.960128720651036,18.1570269576968,4.01569621402324,0.3,152
1.23504322705267,0.211105971129481,3.28340869209619,2.33247637654848,4.01187385275388,0.4,0
1.59348020715236,0.465920433808063,1.48769431487413,6.479101045968,4.01051689876373,0.4,76
1.81009712438772,0.593380503720812,1.16813271789946,10.79850174328,4.00991839487884,0.4,95.5
2.05840515561686,0.721931486654267,0.960128756500536,18.1570097271746,4.01569504947027,0.4,152
1.02920268921056,0.0287844143355254,24.0806421308517,1.12237701650471,4.01080845878211,0.5,0
1.45438134775949,0.374580619661022,1.85046194110953,4.48950806601884,4.00913195930135,0.5,76
1.72904475706955,0.547569092467649,1.26586250044947,8.97901613203768,4.00842623217914,0.5,95.5
2.05840510027415,0.721931459768058,0.960128792257702,18.1569925880947,4.01569389150578,0.5,152
0.82336215136845,-0.194359136978683,-3.56632155984501,0.458719458861672,4.00967234487915,0.6,0
1.30058072419936,0.262810875644453,2.63743720217149,2.86699661788545,4.00769186072508,0.6,76
1.63483248792486,0.491540345231875,1.4101531792532,7.16749154471363,4.00690555355199,0.6,95.5
2.05840504507394,0.72193143295108,0.960128827922796,18.1569755399108,4.01569274008923,0.6,152
0.617521613526337,-0.482041209430464,-1.43794175062108,0.144824692373996,4.00843589370066,0.7,0
1.12608297584523,0.118745217806397,5.8372639619901,1.60916324859996,4.00617668076145,0.7,76
1.5209896715651,0.41936122269861,1.65286426842117,5.36387749533321,4.00534678920715,0.7,95.5
2.05840499001581,0.721931406203119,0.960128863496104,18.1569585820769,4.01569159518016,0.7,152
0.411681075684225,-0.887506317538628,-0.781005348201115,0.0285449913529437,4.00704053843352,0.8,0
0.919198057972766,-0.0842536651861529,-8.22690833720388,0.713624783823593,4.00454943864434,0.8,76
1.37398253956551,0.317713485979612,2.18167377573776,3.56812391911797,4.00373292586891,0.8,95.5
2.05840493509933,0.721931379523977,0.960128898977889,18.1569417140466,4.01569045673801,0.8,152
0.205840537842112,-1.58065349809857,-0.438519372774462,0.00178018116696637,4.00533080038006,0.9,0
0.649745743246479,-0.431174156853327,-1.6075805322343,0.178018116696637,4.00272123744584,0.9,76
1.15500631041122,0.144105807518333,4.80998783114113,1.78018116696637,4.00202565220048,0.9,95.5
2.05840488032408,0.721931352913447,0.960128934368427,18.1569249352739,4.0156893247223,0.9,152
1.52549104878153,0.422316357429764,1.64129844455581,5.45473696011855,4.01709374575818,0,0
1.52549104878153,0.422316357429764,1.64129844455581,5.45473696011855,4.01709374575818,0,76
1.52549104878153,0.422316357429764,1.64129844455581,5.45473696011855,4.01709374575818,0,95.5
1.52549104878153,0.422316357429764,1.64129844455581,5.45473696011855,4.01709374575818,0,152
1.37294194390338,0.316955841771938,2.18688880029759,3.57134277383003,4.01614825926654,0.1,0
1.44695460848905,0.369461077764815,1.87610339024988,4.40906515287658,4.01574826904183,0.1,76
1.48544904257605,0.395717112118459,1.7516229633063,4.89896128097398,4.01555341052456,0.1,95.5
1.52549096125613,0.422316300054527,1.64129866754007,5.45473245903818,4.017092337601,0.1,152
1.22039283902523,0.199172806115554,3.48012961246227,2.22490217632881,4.01517137079846,0.2,0
1.36394954829398,0.310384570682931,2.23318826394892,3.47640965051376,4.01437496987574,0.2,76
1.44196251362939,0.366005042428731,1.89381866424672,4.3455120631422,4.01399825846789,0.2,95.5
1.52549087401974,0.422316242868747,1.64129888978807,5.45472798065568,4.01709093749281,0.2,152
1.06784373414707,0.0656414134910316,10.5596016858267,1.30147068879343,4.01415676612115,0.3,0
1.2756067901255,0.243421979223247,2.84751271340311,2.65606263019067,4.0129688169381,0.3,76
1.39423730855839,0.332347533544563,2.08560952195845,3.79437518598667,4.01242561272136,0.3,95.5
1.5254907870713,0.422316185871722,1.64129911130256,5.45472352484439,4.01708954538539,0.3,152
0.915294629268919,-0.0885092663362277,-7.83135155506575,0.701035914819088,4.01309573866778,0.4,0
1.18073269750456,0.166135175868862,4.17218796040568,1.94732198560858,4.01152305332086,0.4,76
1.34114713041876,0.293525315222734,2.36145621727369,3.24553664268097,4.01083194762297,0.4,95.5
1.52549070040972,0.422316129062738,1.6412993320863,5.45471909147768,4.01708816123053,0.4,152
0.762745524390767,-0.270830823130182,-2.55933638774478,0.337372817350166,4.01197568509159,0.5,0
1.07760882195755,0.0747445327523225,9.27355025225451,1.34949126940066,4.01002819753327,0.5,76
1.28100939317852,0.247648355579764,2.79891695197101,2.69898253880133,4.0092124261589,0.5,95.5
1.52549061403395,0.422316072441104,1.64129955214198,5.45471468042891,4.0170867849799,0.5,152
0.610196419512612,-0.493974374444394,-1.40320473372647,0.137900741819801,4.01077711171118,0.6,0
0.963597703273066,-0.0370813917300792,-18.6925880669599,0.86187963637376,4.00847012774176,0.6,76
1.21112628126542,0.191550737635912,3.61860877757327,2.1546990909344,4.00756003502397,0.6,95.5
1.52549052794288,0.422316016006103,1.64129977147238,5.45471029157142,4.01708541658534,0.6,152
0.45764731463446,-0.781656446896172,-0.886767048762046,0.0435421608831038,4.00946682780515,0.7,0
0.834259508397553,-0.181210763875836,-3.82508834317858,0.483801787590042,4.00682592131155,0.7,76
1.12670598744655,0.119298320318315,5.81020066930087,1.61267262530014,4.00586376348337,0.7,95.5
1.52549044213546,0.422315959757034,1.64129999008024,5.45470592477858,4.01708405599859,0.7,152
0.305098209756306,-1.18712155500434,-0.58388896877322,0.00858311661111977,4.00797893862841,0.8,0
0.680937230064006,-0.384285150261441,-1.80373137002139,0.214577915277994,4.00505292524031,0.8,76
1.01772613472748,0.0175708590741675,39.4486790676617,1.07288957638997,4.00410400858205,0.8,95.5
1.52549035661061,0.422315903693191,1.64130020796828,5.45470157992374,4.01708270317141,0.8,152
0.152549104878153,-1.88026873556428,-0.3686426133932,0.00053533648562009,4.00613748514329,0.9,0
0.481281028725713,-0.731303920184376,-0.947823690573394,0.053533648562009,4.00304824970841,0.9,76
0.855449985428041,-0.156127649745741,-4.43961836156989,0.535336485620091,4.00223653992436,0.9,95.5
1.52549027136725,0.422315847813873,1.64130042513923,5.45469725688025,4.01708135805551,0.9,152
