"eigenDomAH","rVal","tDouble","Rzero","genTime","harvConst","tc"
5.53735728210429,1.7115173620557,0.404989862169676,176.878399025366,3.02390299979263,0,0
5.53735728210429,1.7115173620557,0.404989862169676,176.878399025366,3.02390299979263,0,76
5.53735728210429,1.7115173620557,0.404989862169676,176.878399025366,3.02390299979263,0,90
5.53735728210429,1.7115173620557,0.404989862169676,176.878399025366,3.02390299979263,0,152
4.98362155389386,1.60615684639788,0.431556346514019,128.295236315717,3.02232882956439,0.1,0
5.34518643205163,1.67619642357904,0.41352383933616,158.389180636687,3.02175514858288,0.1,76
5.53571854293926,1.71122137579084,0.405059912391293,175.987978485208,3.02147680118506,0.1,90
5.53735728174092,1.71151736199008,0.404989862185204,176.878365978589,3.02390289074618,0.1,152
4.42988582568343,1.48837381074149,0.465707724469182,89.6536010223587,3.02071518214323,0.2,0
5.13832445090741,1.63672704400956,0.423495892669993,140.083751597435,3.01958746727396,0.2,76
5.53408020649255,1.71092537466277,0.405129990369433,175.104689496794,3.01905863180733,0.2,90
5.53735728137794,1.71151736192453,0.404989862200715,176.878333133844,3.02390278236694,0.2,152
3.876150097473,1.35484241811697,0.511607232908546,59.7603626536605,3.01905413840881,0.3,0
4.91356285576601,1.59199931120133,0.435394146016868,121.959923782981,3.01739609017821,0.3,76
5.5324422733596,1.71062935879186,0.405200096091818,174.228462547115,3.01664847186334,0.3,90
5.53735728101536,1.71151736185905,0.404989862216209,176.878300489423,3.02390267464929,0.3,152
3.32241436926257,1.20069173828971,0.577289872542372,37.4455934571014,3.01733486023966,0.4,0
4.666399709723,1.54038783425152,0.449982248072446,104.015537380837,3.01517590739223,0.4,76
5.53080474413689,1.71033332829881,0.405270229546066,173.359228968062,3.01424630178323,0.4,90
5.53735728065317,1.71151736179364,0.404989862231686,176.878268043621,3.02390256758758,0.4,152
2.76867864105214,1.01837018149576,0.680643633479006,21.5621151154614,3.01554179483537,0.5,0
4.39019200015392,1.47937296192886,0.468541198465731,86.2484604618454,3.01291987939467,0.5,76
5.52916761942194,1.71003728330464,0.405340390719692,172.496920923691,3.01185210221924,0.5,90
5.53735728029137,1.7115173617283,0.404989862247147,176.878235794731,3.02390246117619,0.5,152
2.21494291284172,0.795226630181547,0.871634769577199,10.9850541694523,3.01365113552265,0.6,0
4.07444277755626,1.40473399563884,0.493436609857739,68.6565885590768,3.01061774963983,0.6,76
5.52753089981332,1.70974122393073,0.405410579600102,171.641471397692,3.00946585404166,0.6,90
5.53735727992998,1.71151736166304,0.40498986226259,176.878203741049,3.02390235540947,0.6,152
1.66120718463129,0.507544557729765,1.36568734705851,4.61140598288869,3.01162286674745,0.7,0
3.70083874573662,1.30855948199725,0.529702462972486,51.2378442543188,3.0082533188295,0.7,76
5.52589458591059,1.70944515029875,0.405480796174599,170.792814181063,3.00708753833466,0.7,90
5.53735727956894,1.71151736159784,0.404989862278018,176.878171880867,3.0239022502818,0.7,152
1.10747145642086,0.102079449621602,6.7902715299639,1.35960707087988,3.00937887763941,0.8,0
3.23196459009908,1.17309018456513,0.59087288401181,33.9901767719971,3.00579751735595,0.8,76
5.52425867831434,1.70914906253072,0.405551040430381,169.950883859985,3.00471713639213,0.8,90
5.53735727920833,1.71151736153272,0.404989862293428,176.87814021248,3.02390214578753,0.8,152
0.553735728210429,-0.591067730938344,-1.1727034725099,0.169115615803911,3.00671579204013,0.9,0
2.56425099271043,0.941666425340116,0.736085690120672,16.9115615803911,3.00318396101785,0.9,76
5.52262317762623,1.70885296074899,0.405621312354539,169.115615803911,3.00235462971358,0.9,90
5.5373572788481,1.71151736146766,0.404989862308822,176.878108734182,3.02390204192103,0.9,152
5.31265630818797,1.67009195653543,0.415035338531816,155.399376231169,3.02138957332437,0,0
5.31265630818797,1.67009195653543,0.415035338531816,155.399376231169,3.02138957332437,0,76
5.31265630818797,1.67009195653543,0.415035338531816,155.399376231169,3.02138957332437,0,90
5.31265630818797,1.67009195653543,0.415035338531816,155.399376231169,3.02138957332437,0,152
4.78139067736917,1.5647314408776,0.442981563769935,112.784014489442,3.01999083679937,0.1,0
5.12836561708016,1.63478701525933,0.423998462240042,139.23952406104,3.01947323947569,0.1,76
5.31120932861537,1.66981955482573,0.415103044252159,154.710582290045,3.01922213445505,0.1,90
5.31265630793755,1.6700919564883,0.41503533854353,155.399358578754,3.02138950539311,0.1,152
4.25012504655037,1.44694840522122,0.479040702528693,78.8616469703819,3.01855615390855,0.2,0
4.92997658789634,1.59533423913792,0.434483986838086,123.221323391222,3.01753826721507,0.2,76
5.30976267690533,1.66954714064024,0.41517077516849,154.026654239027,3.01706106062968,0.2,90
5.31265630768738,1.6700919564412,0.415035338555232,155.399341021457,3.02138943782826,0.2,152
3.71885941573158,1.3134170125967,0.52774341577132,52.5982097402455,3.01707838851079,0.3,0
4.71441020726687,1.55062381966456,0.447011823093168,107.343285184175,3.01558115668372,0.3,76
5.30831635350386,1.66927471407301,0.415238531271269,153.347550263107,3.01490633818106,0.3,90
5.31265630743746,1.67009195639416,0.415035338566923,155.399323558564,3.02138937062706,0.3,152
3.18759378491278,1.15926633276944,0.597918839671678,32.9774174629771,3.0155477728384,0.4,0
4.47734620192627,1.49903050526759,0.462396981331752,91.6039373971587,3.0135972814209,0.4,76
5.3068703588577,1.66900227521832,0.415306312550876,152.673228995265,3.01275795358017,0.4,90
5.31265630718779,1.67009195634717,0.415035338578601,155.399306189357,3.02138930378676,0.4,152
2.65632815409398,0.976944775975485,0.709504976745317,19.0004561888137,3.0139502879021,0.5,0
4.21240962071974,1.4380348404263,0.482010004955419,76.0018247552547,3.01158026786877,0.5,76
5.30542469341427,1.6687298241707,0.415374118997614,152.003649510509,3.01061589343399,0.5,90
5.31265630693837,1.67009195630022,0.415035338590268,155.399288913122,3.02138923730459,0.5,152
2.12506252327519,0.753801224661276,0.919535758079213,9.68568136447981,3.01226447059445,0.6,0
3.90952709185737,1.36341641830836,0.50838993227026,60.5355085279989,3.00952082987023,0.6,76
5.30397935762171,1.66845736102488,0.415441950601703,151.338771319997,3.00848014448322,0.6,90
5.31265630668919,1.67009195625332,0.415035338601924,155.399271729143,3.0213891711778,0.6,152
1.59379689245639,0.466119152209494,1.48706007310426,4.06832096786144,3.01045423488067,0.7,0
3.55112430674571,1.26726425947208,0.546963409864254,45.2035663095716,3.00740430095267,0.7,76
5.30253435192889,1.66818488587586,0.415509807353287,150.678554365239,3.00635069359995,0.7,90
5.31265630644027,1.67009195620646,0.415035338613568,155.399254636703,3.02138910540362,0.7,152
1.06253126163759,0.0606540441013302,11.4278807098494,1.20018367209914,3.0084491127949,0.8,0
3.10129575499489,1.13182000964173,0.612418206654041,30.0045918024785,3.00520436205131,0.8,76
5.30108967678537,1.66791239881888,0.415577689242427,150.022959012392,3.00422752778546,0.8,90
5.31265630619159,1.67009195615965,0.415035338625201,155.399237635087,3.02138903997932,0.8,152
0.531265630818797,-0.632493136458615,-1.09589676251815,0.149371946046643,3.00606550772555,0.9,0
2.46065141248932,0.900426116715385,0.769799062568775,14.9371946046643,3.00286090597854,0.9,76
5.29964533264138,1.66763989994939,0.415645596259109,149.371946046643,3.00211063416789,0.9,90
5.31265630594315,1.67009195611289,0.415035338636822,155.399220723579,3.02138897490211,0.9,152
5.94900445585529,1.78322388721461,0.388704517435911,221.685989342901,3.02893089133826,0,0
5.94900445585529,1.78322388721461,0.388704517435911,221.685989342901,3.02893089133826,0,76
5.94900445585529,1.78322388721461,0.388704517435911,221.685989342901,3.02893089133826,0,90
5.94900445585529,1.78322388721461,0.388704517435911,221.685989342901,3.02893089133826,0,152
5.35410401026977,1.67786337155679,0.413113005689382,160.596345626958,3.027000966139,0.1,0
5.74237244561038,1.74787244298969,0.396566227323967,198.267093366615,3.02631642216383,0.1,76
5.94697642514804,1.78288292655787,0.388778853751307,220.29677040735,3.02598421543077,0.1,90
5.94900445516753,1.783223887099,0.388704517461111,221.685891927065,3.02893064510919,0.1,152
4.75920356468424,1.56008033590041,0.444302235346036,112.087741067517,3.02502496723055,0.2,0
5.51996434825712,1.70837140161907,0.40573564969715,175.137095417995,3.02368036875179,0.2,76
5.94494897072601,1.78254194654426,0.388853222727084,218.921369272494,3.02304954527082,0.2,90
5.94900445448061,1.78322388698354,0.38870451748628,221.685795251402,3.02893040075214,0.2,152
4.16430311909871,1.42654894327588,0.48589092146269,74.6229491735518,3.0229934345405,0.3,0
5.27833471630382,1.66361065333139,0.416652285299997,152.291733007249,3.02101814952132,0.3,76
5.9429220935715,1.78220094735892,0.388927624344007,217.559618581784,3.02012684336537,0.3,90
5.94900445379456,1.78322388686821,0.388704517511418,221.685699308312,3.02893015824786,0.3,152
3.56940267351317,1.27239826344862,0.544756465386306,46.7016523575198,3.02089342374532,0.4,0
5.01264911860913,1.61196454153864,0.430001506049462,129.726812104222,3.01832370910888,0.4,76
5.94089579466881,1.78185992918759,0.38900205858267,216.211353507036,3.01721607275051,0.4,90
5.94900445310937,1.78322388675304,0.388704517536525,221.685604090194,3.02892991757715,0.4,152
2.97450222792765,1.09007670665467,0.63587009641472,26.8595514626606,3.01870636422674,0.5,0
4.71577391632869,1.5509130418162,0.446928462054992,107.438205850642,3.01558870606746,0.5,76
5.93887007500413,1.78151889221657,0.389076525423499,214.876411701285,3.01431719698024,0.5,90
5.94900445242503,1.783223886638,0.3887045175616,221.685509589451,3.02892967872078,0.5,152
2.37960178234212,0.866933155340459,0.799539360434006,13.667496528163,3.01640383881576,0.6,0
4.37643689582199,1.4762348992179,0.469537186071926,85.4218533010189,3.01280098707208,0.6,76
5.93684493556564,1.78117783663275,0.389151024846746,213.554633252547,3.01143018011515,0.6,90
5.94900445174154,1.78322388652311,0.388704517586643,221.685415798482,3.02892944165953,0.6,152
1.78470133675659,0.579251082888679,1.19662647345133,5.73063823723956,3.01393810267057,0.7,0
3.97497220890951,1.38001775661255,0.502274102806746,63.6737581915507,3.0099413565368,0.7,76
5.93482037734348,1.7808367626236,0.389225556832493,212.245860638502,3.00855498671082,0.7,90
5.94900445105888,1.78322388640836,0.388704517611657,221.685322709688,3.02892920637419,0.7,152
1.18980089117106,0.173785974780514,3.98851047350264,1.68759950945664,3.01121601587118,0.8,0
3.47120117980865,1.2445006953869,0.556968094215853,42.189987736416,3.0069753671754,0.8,76
5.93279640132972,1.78049567037717,0.38930012136065,210.94993868208,3.00569158180626,0.8,90
5.94900445037712,1.78322388629376,0.388704517636637,221.685230315469,3.02892897284551,0.8,152
0.594900445585529,-0.519361205779432,-1.3346148554159,0.209666714507963,3.00799533231871,0.9,0
2.75390521830884,1.01301998370436,0.684238407642543,20.9666714507963,3.00382435901107,0.9,76
5.93077300851838,1.78015456008211,0.389374718410953,209.666714507963,3.00283993091231,0.9,90
5.94900444969619,1.7832238861793,0.388704517661587,221.685138608227,3.02892874105429,0.9,152
4.34550560831208,1.4691421174968,0.471804036045857,85.1576937458783,3.02523813407972,0,0
4.34550560831208,1.4691421174968,0.471804036045857,85.1576937458783,3.02523813407972,0,76
4.34550560831208,1.4691421174968,0.471804036045857,85.1576937458783,3.02523813407972,0,90
4.34550560831208,1.4691421174968,0.471804036045857,85.1576937458783,3.02523813407972,0,152
3.91095504748088,1.36378160183897,0.508253799307221,61.7787881619795,3.02362201276232,0.1,0
4.19450379484481,1.43377504802303,0.483442072391826,76.27010884195,3.02298544615668,0.1,76
4.34392414543298,1.46877812056227,0.471920959916394,84.7445653799444,3.02267684733381,0.1,90
4.34550560766007,1.46914211734675,0.471804036094042,85.1576799466991,3.02523802409121,0.1,152
3.47640448664967,1.24599856618259,0.556298537873576,43.1793306841378,3.02196328837173,0.2,0
4.03198088117475,1.39425778898569,0.497144205351153,67.4677041939653,3.02071041687344,0.2,76
4.34234316155862,1.46841410139594,0.472037948900797,84.3346302424566,3.02012393785534,0.2,90
4.34550560700891,1.46914211719691,0.471804036142165,85.1576662288938,3.0252379147527,0.2,152
3.04185392581846,1.11246717355806,0.62307203038002,28.7872553997355,3.02025340452239,0.3,0
3.85542068957241,1.34948012935499,0.513640153331677,58.7495008157866,3.01840876914766,0.3,76
4.34076265755987,1.46805006022239,0.472155002980581,83.9278583082666,3.01757938656618,0.3,90
4.34550560635863,1.46914211704726,0.471804036190222,85.1576525917975,3.02523780605887,0.3,152
2.60730336498725,0.958316493730806,0.72329672409317,18.0412314993182,3.01848063364965,0.4,0
3.66129268036893,1.29781627641352,0.534087291982066,50.1145319425505,3.01607484503319,0.4,76
4.33918263430945,1.46768599726698,0.472272122136937,83.5242199042508,3.01504317461065,0.4,90
4.34550560570921,1.46914211689782,0.471804036238215,85.1576390347452,3.0252376980044,0.4,152
2.17275280415604,0.775994936936851,0.893236730765361,10.3904607130235,3.01662811787681,0.5,0
3.44438722365906,1.23674601452486,0.560460411773587,41.5618428520938,3.01370084353623,0.5,76
4.33760309268196,1.46732191275582,0.472389306350728,83.1236857041877,3.01251528335158,0.5,90
4.34550560506067,1.46914211674857,0.471804036286144,85.1576255570718,3.02523759058399,0.5,152
1.73820224332483,0.552851385622642,1.25376764639795,5.29447851031784,3.01467000057173,0.6,0
3.19647232630828,1.16204780368937,0.596487664585986,33.0904906894866,3.01127538785384,0.6,76
4.33602403355381,1.46695780691576,0.472506555602488,82.7262267237164,3.00999569436636,0.6,90
4.34550560441299,1.46914211659953,0.471804036334009,85.1576121581125,3.02523748379231,0.6,152
1.30365168249363,0.265169313170861,2.61397962030893,2.22295898651511,3.01256271190889,0.7,0
2.90318620059512,1.06580882373483,0.650348510093025,24.6995442946123,3.00878048899578,0.7,76
4.33444545780328,1.46659367997441,0.472623869872424,82.3318143153745,3.00748438944302,0.7,90
4.34550560376616,1.46914211645068,0.471804036381811,85.1575988372023,3.02523737762407,0.7,152
0.869101121662417,-0.140295794937304,-4.94061265962892,0.655523361309721,3.01022092419614,0.8,0
2.53518672772781,0.930267294183574,0.745105395937056,16.388084032743,3.00618381927049,0.8,76
4.33286736631051,1.46622953216015,0.472741249140408,81.9404201637152,3.00498135057619,0.8,90
4.34550560312019,1.46914211630202,0.47180403642955,85.1575855936762,3.02523727207393,0.8,152
0.434550560831209,-0.833442975497249,-0.831667193723001,0.0815520162805047,3.00742138267542,0.9,0
2.01125198492937,0.698757406237267,0.991971139586867,8.15520162805047,3.0034114007293,0.9,76
4.33128975995745,1.4658653637021,0.472858693385984,81.5520162805048,3.00248655996318,0.9,90
4.34550560247509,1.46914211615357,0.471804036477224,85.1575724268692,3.02523716713659,0.9,152
6.54446639335225,1.87861986713862,0.368966171754426,293.67270126923,3.02480878948091,0,0
6.54446639335225,1.87861986713862,0.368966171754426,293.67270126923,3.02480878948091,0,76
6.54446639335225,1.87861986713862,0.368966171754426,293.67270126923,3.02480878948091,0,90
6.54446639335225,1.87861986713862,0.368966171754426,293.67270126923,3.02480878948091,0,152
5.89001975401703,1.7732593514808,0.390888777764583,212.898387670328,3.0231420994429,0.1,0
6.31743201963069,1.84331279957818,0.376033400689542,262.837515642381,3.02256677829342,0.1,76
6.5426634024184,1.87834433064232,0.369020295827717,292.04168404709,3.02228747576042,0.1,90
6.54446639302978,1.87861986708935,0.368966171764103,293.672620831548,3.02480864376038,0.1,152
5.2355731146818,1.65547631582441,0.418699545221077,148.697627806533,3.02143549421094,0.2,0
6.07303097002714,1.80385781652818,0.384258212708816,232.340043447707,3.02030567662579,0.2,76
6.54086082366342,1.87806878122074,0.369074438322435,290.425054309634,3.01977521329847,0.2,90
6.54446639270764,1.87861986704012,0.368966171773771,293.672540935765,3.02480849902197,0.2,152
4.58112647534658,1.52194492319989,0.4554351277723,99.0661715364189,3.01968090707931,0.3,0
5.80747044010863,1.75914509569831,0.394025019456848,202.175860278406,3.01802161008381,0.3,76
6.53905865765511,1.87779321897095,0.369128599228726,288.82265754058,3.01727197690815,0.3,90
6.54446639238582,1.87861986699095,0.368966171783429,293.672461576882,3.02480835525662,0.3,152
3.92667983601135,1.36779424337263,0.506762756107835,62.0426177193411,3.01786730824203,0.4,0
5.51542861091497,1.70754936698663,0.405930975678418,172.340604775947,3.01570945974778,0.4,76
6.53725690496215,1.87751764399025,0.369182778536671,287.234341293246,3.01477774171228,0.4,90
6.54446639206432,1.87861986694183,0.368966171793077,293.672382749905,3.02480821245527,0.4,152
3.27223319667613,1.18547268657868,0.584701097214139,35.7074943945297,3.01597888694532,0.5,0
5.18905266061982,1.64655114884438,0.420969115381824,142.829977578119,3.01336217728421,0.5,76
6.53545556615414,1.87724205637622,0.369236976236287,285.659955156238,3.0122924831374,0.5,90
6.54446639174314,1.87861986689275,0.368966171802716,293.672304449839,3.02480807060888,0.5,152
2.6177865573409,0.962329135264468,0.720280780410388,18.1823584460631,3.01399147293256,0.6,0
4.81593396168503,1.5719299956378,0.440952957500314,113.639740287895,3.01096949910265,0.6,76
6.53365464180162,1.87696645622667,0.369291192317525,284.099350719737,3.0098161769077,0.6,90
6.54446639142231,1.87861986684373,0.368966171812344,293.672226671686,3.02480792970837,0.6,152
1.96333991800568,0.674647062812686,1.02742191994453,7.62891430164442,3.01186450488321,0.7,0
4.37442404767069,1.47577486489675,0.469683552042635,84.7657144627158,3.00851522550612,0.7,76
6.53185413247599,1.87669084363964,0.369345426770272,282.552381542386,3.00734879903894,0.7,90
6.5444663911018,1.87861986679475,0.368966171821963,293.672149410453,3.02480778974471,0.7,152
1.30889327867045,0.269181954704523,2.57501354918387,2.24815122495021,3.00951897590398,0.8,0
3.82029362570094,1.34032728503123,0.517147705863344,56.2037806237554,3.00597031077265,0.8,76
6.5300540387496,1.87641521871346,0.369399679584348,281.018903118777,3.00489032583226,0.8,90
6.54446639078158,1.87861986674582,0.368966171831573,293.672072661142,3.02480765070884,0.8,152
0.654446639335226,-0.423965225855422,-1.63491517296354,0.279498772847533,3.00674984452366,0.9,0
3.0311116130474,1.10892942123384,0.625059780440056,27.9498772847534,3.00326850861103,0.9,76
6.52825436119572,1.87613958154666,0.36945395074951,279.498772847534,3.00244073386809,0.9,90
6.54446639046169,1.87861986669694,0.368966171841173,293.671996418758,3.0248075125917,0.9,152
4.2543647791402,1.4479454627821,0.478710834334965,79.7074351409398,3.02384515375892,0,0
4.2543647791402,1.4479454627821,0.478710834334965,79.7074351409398,3.02384515375892,0,76
4.2543647791402,1.4479454627821,0.478710834334965,79.7074351409398,3.02384515375892,0,90
4.2543647791402,1.4479454627821,0.478710834334965,79.7074351409398,3.02384515375892,0,152
3.82892830122617,1.34258494712427,0.516278081356879,57.8426792296285,3.02232414184782,0.1,0
4.10657242811563,1.41258872147485,0.490692846419055,71.4107150983068,3.02172023930238,0.1,76
4.25288124186545,1.44759669250177,0.47882617040388,79.3452389981186,3.02142749275678,0.1,90
4.25436477860427,1.44794546265613,0.478710834376612,79.7074251848747,3.02384506775658,0.1,152
3.40349182331215,1.22480191146789,0.565925946122365,40.4406597097923,3.02076251896406,0.2,0
3.94749887339876,1.37308218175149,0.504811139327273,63.1885307965505,3.01957367523145,0.2,76
4.25139813166266,1.44724790099277,0.478941569087415,78.9856634956881,3.01901723834816,0.2,90
4.25436477806903,1.44794546253032,0.478710834418207,79.7074152837474,3.02384498222991,0.2,152
2.97805534539813,1.09127051884336,0.635174476530907,26.9696391514671,3.01915217221066,0.3,0
3.77468033428815,1.32831569945669,0.521824127233801,55.0400799009533,3.01740139558106,0.3,76
4.24991544927808,1.44689908845092,0.479057030371097,78.6286855727904,3.01661437490058,0.3,90
4.25436477753446,1.44794546240467,0.478710834459749,79.7074054371354,3.02384489717525,0.3,152
2.55261886748411,0.937119839016106,0.739656927216149,16.9072450030597,3.01748198121481,0.4,0
3.58465979149803,1.27666357177948,0.542936444559002,46.9645694529436,3.01519802169692,0.4,76
4.24843319545951,1.44655025507268,0.479172554240169,78.2742824215727,3.01421888695385,0.4,90
4.25436477700061,1.44794546227918,0.478710834501236,79.7073956446161,3.02384481258892,0.4,152
2.1271823895701,0.754798282222154,0.918321089072029,9.74030393546723,3.01573595973163,0.5,0
3.37233610140019,1.21560570937181,0.570207243365238,38.9612157418689,3.0129561377707,0.5,76
4.24695137095627,1.44620140105514,0.479288140679596,77.9224314837379,3.01183075921718,0.5,90
4.25436477646741,1.44794546215385,0.478710834542671,79.7073859057671,3.02384472846729,0.5,152
1.70174591165608,0.531654730907942,1.30375437339984,4.96467906861745,3.01388958567862,0.6,0
3.1296486958522,1.14092076050603,0.607533147396243,31.0292441788591,3.01066492898686,0.6,76
4.2454699765192,1.44585252659603,0.479403789674057,77.5731104471477,3.00944997656626,0.6,90
4.25436477593489,1.44794546202868,0.478710834584055,79.7073762201658,3.02384464480669,0.6,152
1.27630943374206,0.243972658456162,2.84108549271923,2.08511002554683,3.01190153255206,0.7,0
2.84253486121517,1.04469621084709,0.66349161925064,23.1678891727425,3.00830729538922,0.7,76
4.24398901290068,1.44550363189369,0.479519501207952,77.2262972424751,3.00707652404045,0.7,90
4.25436477540306,1.44794546190368,0.478710834625384,79.7073665873897,3.02384456160344,0.7,152
0.850872955828038,-0.161492449652003,-4.2921336697387,0.615055760319268,3.00969085023604,0.8,0
2.48226350908924,0.909170849192611,0.762394858101197,15.3763940079817,3.00585250747453,0.8,76
4.24250848085462,1.44515471714714,0.479635275265391,76.8819700399085,3.00471038683975,0.8,90
4.25436477487191,1.44794546177883,0.47871083466666,79.7073570070163,3.02384447885391,0.8,152
0.425436477914019,-0.854639630211949,-0.811040298222593,0.0765401072459058,3.00704566809475,0.9,0
1.96930411387442,0.677680238657242,1.02282336273129,7.65401072459058,3.00323024352867,0.9,76
4.24102838113645,1.444805782556,0.479751111830203,76.5401072459058,3.00235155032201,0.9,90
4.25436477434143,1.44794546165414,0.478710834707885,79.7073474786231,3.02384439655443,0.9,152
4.31002636704485,1.46094402174076,0.47445156709977,83.0026236372703,3.02466908493823,0,0
4.31002636704485,1.46094402174076,0.47445156709977,83.0026236372703,3.02466908493823,0,76
4.31002636704485,1.46094402174076,0.47445156709977,83.0026236372703,3.02466908493823,0,90
4.31002636704485,1.46094402174076,0.47445156709977,83.0026236372703,3.02466908493823,0,152
3.87902373034037,1.35558350608294,0.511327540833577,60.2229420533153,3.02309179667468,0.1,0
4.16027509318633,1.42558120025659,0.486220764159338,74.3493111769325,3.02246859560644,0.1,76
4.30848479908983,1.46058628757027,0.474567772173884,82.6103457521472,3.02216648306576,0.1,90
4.31002636644235,1.46094402160097,0.474451567145168,83.0026115137468,3.02466898524986,0.1,152
3.44802109363589,1.23780047042655,0.559982967465736,42.0971629907001,3.02147271743611,0.2,0
3.99909605826374,1.38606835014727,0.500081529519304,65.776817172969,3.02024604573579,0.2,76
4.3069436890554,1.46022853170171,0.47468404123851,82.2210214662112,3.01967185905306,0.2,90
4.31002636584064,1.46094402146136,0.474451567190507,83.0025994598428,3.02466888613523,0.2,152
3.0170184569314,1.10426907780203,0.627697718331121,28.0692759406162,3.01980347208651,0.3,0
3.82399347131716,1.34129528789616,0.516774484198148,57.2842366135024,3.01799724465683,0.3,76
4.30540303776154,1.45987075434807,0.474800374276614,81.8346237335749,3.01718519530692,0.3,90
4.31002636523972,1.46094402132194,0.474451567235786,83.0025874750033,3.02466878758974,0.3,152
2.58601582022691,0.950118397974771,0.729537689236864,17.5934431765026,3.01807258122143,0.4,0
3.63146539818091,1.28963625777441,0.537474947979628,48.8706754902849,3.01571664872807,0.4,76
4.30386284602986,1.45951295572298,0.474916771270858,81.4511258171414,3.01470647443488,0.4,90
4.31002636463958,1.4609440211827,0.474451567281006,83.0025755586728,3.02466868960884,0.4,152
2.15501318352243,0.767796841180816,0.902774201954172,10.1338126605285,3.01626354321743,0.5,0
3.41634441908116,1.22857109610175,0.564189718250167,40.5352506421141,3.01339661458589,0.5,76
4.30232311468374,1.45915513604082,0.475033232203594,81.0705012842281,3.01223567924177,0.5,90
4.31002636404023,1.46094402104364,0.474451567326166,83.002563710296,3.02466859218793,0.5,152
1.72401054681794,0.544653289866607,1.27263929816656,5.16433433614432,3.01435104693531,0.6,0
3.17046523938877,1.15387834033465,0.600710799683544,32.277089600902,3.01102599539814,0.6,76
4.30078384454828,1.45879729551665,0.475149757056863,80.6927240022551,3.00977279272624,0.6,90
4.31002636344167,1.46094402090476,0.474451567371267,83.0025519293176,3.02466849532243,0.6,152
1.29300791011346,0.256971217414825,2.69737283238615,2.16857973963156,3.01229243958448,0.7,0
2.87958243596178,1.05764529612288,0.655368281881352,24.0953304403507,3.00858716596767,0.7,76
4.29924503645023,1.45843943436624,0.4752663458124,80.3177681345022,3.00731779807725,0.7,90
4.31002636284389,1.46094402076607,0.47445156741631,83.0025402151823,3.02466839900777,0.7,152
0.862005273408972,-0.148493890693338,-4.66784981741369,0.639564865087453,3.0100041831889,0.8,0
2.51459163145176,0.922110417187537,0.751696507967087,15.9891216271863,3.00604845258951,0.8,76
4.29770669121813,1.45808155280606,0.475382998451623,79.9456081359316,3.00487067867055,0.8,90
4.31002636224688,1.46094402062755,0.474451567461294,83.0025285673347,3.02466830323938,0.8,152
0.431002636704486,-0.841641071253283,-0.82356624959828,0.079576218749077,3.00726767817312,0.9,0
1.9949289967888,0.690608459126412,1.00367606478024,7.9576218749077,3.00333737355139,0.9,76
4.29616880968221,1.45772365105331,0.47549971495564,79.576218749077,3.00243141806517,0.9,90
4.31002636165066,1.46094402048922,0.474451567506219,83.0025169852196,3.02466820801266,0.9,152
4.52195263855149,1.50894390023868,0.459359145459488,96.4621682683681,3.02804557020656,0,0
4.52195263855149,1.50894390023868,0.459359145459488,96.4621682683681,3.02804557020656,0,76
4.52195263855149,1.50894390023868,0.459359145459488,96.4621682683681,3.02804557020656,0,90
4.52195263855149,1.50894390023868,0.459359145459488,96.4621682683681,3.02804557020656,0,152
4.06975737469634,1.40358338458085,0.4938411128078,69.9356461860639,3.02623664946443,0.1,0
4.36473091060978,1.47355654033742,0.470390624034844,86.3403039334123,3.02553474418611,0.1,76
4.52017174145619,1.5085499890197,0.459479092907204,95.9336710371247,3.02519443120142,0.1,90
4.52195263762465,1.50894390003371,0.459359145521884,96.4621432046449,3.02804539842485,0.1,152
3.6175621108412,1.28580034892447,0.539078388911421,48.8498050884104,3.02438118929725,0.2,0
4.19552390947686,1.43401822115023,0.483360092875228,76.3278204506412,3.02300028491288,0.2,76
4.51839142445059,1.50815605095766,0.459599111192643,95.4097755633015,3.02235371434359,0.2,90
4.52195263669913,1.50894389982904,0.459359145584191,96.4621183075023,3.02804522778696,0.2,152
3.16536684698604,1.15226895629994,0.601549817662114,32.5474185496579,3.02246974479181,0.3,0
4.01171407496879,1.38921860010461,0.498947523815008,66.4233031625672,3.02043749330806,0.3,76
4.51661168867939,1.50776208633541,0.459719200291491,94.8904330893817,3.01952339255388,0.3,90
4.52195263577497,1.50894389962467,0.459359145646407,96.4620935754233,3.02804505828244,0.3,152
2.71317158313089,0.998118276472685,0.694453950897987,20.3851286284594,3.02048937212315,0.4,0
3.80962861359987,1.337531707642,0.518228597198587,56.625357301276,3.01784015337899,0.4,76
4.51483253529,1.50736809543688,0.459839360179007,94.3755955021267,3.01670343910765,0.4,90
4.52195263485213,1.50894389942059,0.459359145708534,96.4620690068908,3.02804488990089,0.4,152
2.26097631927575,0.815796719678732,0.849656739037775,11.7331519152545,3.0184214678113,0.5,0
3.58384798649839,1.27643707973169,0.54303278364935,46.9326076610178,3.01519969474502,0.5,76
4.51305396543245,1.50697407854701,0.45995959083003,93.8652153220356,3.01389382762795,0.5,90
4.52195263393063,1.5089438992168,0.45935914577057,96.4620446003877,3.02804472263188,0.5,152
1.8087810554206,0.592653168364521,1.16956631223747,5.97499172435108,3.01623750313149,0.6,0
3.32580851208641,1.20171280607859,0.57679936258798,37.3436982771943,3.0125036183415,0.6,76
4.51127598025943,1.50658003595178,0.46007989221897,93.3592456929857,3.01109453207864,0.6,90
4.52195263301046,1.50894389901331,0.459359145832518,96.4620203543968,3.028044556465,0.6,152
1.35658579156545,0.30497109591274,2.27282909708359,2.50715629004551,3.01388941776341,0.7,0
3.02056972727361,1.10544546500944,0.627029738236817,27.8572921116168,3.00973216016457,0.7,76
4.50949858092627,1.50618596793819,0.46020026431981,92.8576403720559,3.00830552675741,0.7,90
4.5219526320916,1.50894389881011,0.459359145894377,96.4619962674011,3.02804439138982,0.7,152
0.904390527710298,-0.100494012195424,-6.89739781920567,0.738882829756254,3.01128312444611,0.8,0
2.6376072368034,0.969872156479311,0.714678915081043,18.4720707439064,3.00684980216612,0.8,76
4.50772176859095,1.50579187479431,0.460320707106106,92.3603537195318,3.00552678628881,0.8,90
4.52195263117407,1.50894389860721,0.459359145956146,96.4619723378835,3.02804422739592,0.8,152
0.452195263855149,-0.793641192755369,-0.873376012847156,0.0918673406890928,3.00817260163252,0.9,0
2.09242645067763,0.738324373744696,0.93881118544737,9.18673406890928,3.00377526908154,0.9,76
4.50594554441408,1.50539775680922,0.460441220550982,91.8673406890929,3.00275828561724,0.9,90
4.52195263025786,1.50894389840459,0.459359146017827,96.461948564327,3.02804406447288,0.9,152
4.5473643522626,1.5145478018861,0.457659493940537,98.1731940875911,3.02845060403718,0,0
4.5473643522626,1.5145478018861,0.457659493940537,98.1731940875911,3.02845060403718,0,76
4.5473643522626,1.5145478018861,0.457659493940537,98.1731940875911,3.02845060403718,0,90
4.5473643522626,1.5145478018861,0.457659493940537,98.1731940875911,3.02845060403718,0,152
4.09262791703634,1.40918728622828,0.491877259562262,71.1695756676536,3.02661360965923,0.1,0
4.38924663487466,1.47915760299255,0.468609416033564,87.8636736637699,3.0259023388162,0.1,76
4.54555442183736,1.5141497051926,0.457779820702589,97.6263040708554,3.02555747976587,0.1,90
4.54736435128881,1.51454780167196,0.457659494005245,98.1731668279596,3.0284504211309,0.1,152
3.63789148181008,1.29140425057189,0.536739119646686,49.7071395176851,3.02472953246288,0.2,0
4.21907680411414,1.43961633731738,0.481480490733786,77.6674054963829,3.02333028936846,0.2,76
4.54374508878682,1.51375158142688,0.457900218942514,97.0842568704786,3.02267511072228,0.2,90
4.54736435031646,1.51454780145813,0.457659494069859,98.1731397526189,3.0284502394634,0.2,152
3.18315504658382,1.15787285794737,0.59863842200147,33.1156211006622,3.02278880069487,0.3,0
4.03422270060473,1.39481364390925,0.496946085655756,67.5829002054331,3.02072969669306,0.3,76
4.54193635430023,1.51335343088158,0.458020688634618,96.5470002934758,3.01980346837147,0.3,90
4.54736434934552,1.51454780124461,0.457659494134379,98.1731128598648,3.0284500590232,0.3,152
2.72841861135756,1.00372217812011,0.690576730961701,20.7391282952545,3.02077829691288,0.4,0
3.83099104612984,1.34312352850091,0.516071058135346,57.6086897090402,3.0180942655749,0.4,76
4.54012821956963,1.51295525385041,0.458141229752774,96.0144828484003,3.01694252455707,0.4,90
4.54736434837599,1.51454780103141,0.457659494198804,98.1730861479928,3.02844987979885,0.4,152
2.2736821761313,0.821400621326156,0.843860063608005,11.9358317167091,3.01867916846421,0.5,0
3.60393207463877,1.28202549235393,0.540665676848012,47.7433268668362,3.01541531641671,0.5,76
4.53832068578984,1.51255705062813,0.458261842270409,95.4866537336725,3.01409225149386,0.5,90
4.54736434740788,1.51454780081851,0.457659494263136,98.1730596152987,3.02844970177889,0.5,152
1.81894574090504,0.598257070011947,1.15861093049198,6.07766162087127,3.01646250521269,0.6,0
3.34443434093239,1.20729757343038,0.574131180095441,37.9853851304455,3.01268019083574,0.6,76
4.53651375415843,1.51215882151062,0.458382526160514,94.9634628261137,3.01125262176035,0.6,90
4.54736434644118,1.51454780060593,0.457659494327374,98.173033260078,3.02844952495186,0.6,152
1.36420930567878,0.310574997560165,2.23181900025828,2.55001123808147,3.01407960590921,0.7,0
3.03747405177012,1.11102626600306,0.623880102361179,28.3334582009052,3.00986887279771,0.7,76
4.53470742587577,1.51176056679482,0.458503281395632,94.444860669684,3.00842360829119,0.7,90
4.54736434547588,1.51454780039365,0.457659494391519,98.1730070806264,3.02844934930631,0.7,152
0.90947287045252,-0.0948901105479981,-7.30473572595673,0.751446387715398,3.01143513321986,0.8,0
2.65235656215516,0.975448513570739,0.710593302380053,18.786159692885,3.00694539113277,0.8,76
4.532901702145,1.51136228677874,0.458624107947865,93.9307984644248,3.00560518436964,0.8,90
4.54736434451201,1.51454780018169,0.457659494455569,98.1729810752395,3.02844917483075,0.8,152
0.45473643522626,-0.788037291107943,-0.879586776388987,0.0934212280556058,3.0082798177349,0.9,0
2.10411601241974,0.743895432338132,0.931780396044804,9.34212280556059,3.00382743378628,0.9,76
4.53109658417199,1.51096398176149,0.458745005788866,93.4212280556059,3.00279732362,0.9,90
4.54736434354952,1.51454779997003,0.457659494519527,98.1729552422131,3.02844900151376,0.9,152
6.16217003580199,1.8184289940492,0.381179129252925,247.931015209796,3.03182063255437,0,0
6.16217003580199,1.8184289940492,0.381179129252925,247.931015209796,3.03182063255437,0,76
6.16217003580199,1.8184289940492,0.381179129252925,247.931015209796,3.03182063255437,0,90
6.16217003580199,1.8184289940492,0.381179129252925,247.931015209796,3.03182063255437,0,152
5.54595303222179,1.71306847839137,0.40462315972963,179.478619654931,3.02968395936528,0.1,0
5.94803343681459,1.7830606501044,0.388740102878363,221.578542783866,3.02893629629259,0.1,76
6.15991585821642,1.81806311807169,0.381255839618553,246.198380870962,3.0285734210868,0.1,90
6.16217003486061,1.81842899389643,0.381179129284948,247.930849286882,3.03182026478239,0.1,152
4.9297360286416,1.59528544273499,0.434497276783019,125.176274781837,3.02749765827555,0.2,0
5.71755958284032,1.74354206799567,0.397551165115718,195.58792934662,3.02602967925795,0.2,76
6.15766236334508,1.81769721905226,0.381332585699476,244.484911683275,3.02534082049766,0.2,90
6.16217003392049,1.81842899374387,0.381179129316928,247.930684766886,3.03181990012159,0.2,152
4.31351902506139,1.46175405011046,0.474188650619825,83.2770898170343,3.02525139492642,0.3,0
5.46718046036672,1.69876302839802,0.408030531023271,169.95324452456,3.02309579450668,0.3,76
6.15540955243743,1.81733129721761,0.381409367472609,242.7903493208,3.02212277935286,0.3,90
6.16217003298165,1.81842899359151,0.381179129348865,247.930521633977,3.03181953853684,0.3,152
3.6973020214812,1.30760337028321,0.530089778225197,52.0807189970875,3.02293103036018,0.4,0
5.19188966100483,1.64709772744346,0.420829419536515,144.668663880799,3.02012805195579,0.4,76
6.15315742674557,1.8169653527952,0.381486184914653,241.114439801331,3.0189192470248,0.4,90
6.16217003204405,1.81842899343936,0.38117912938076,247.930359872321,3.03181917999304,0.4,152
3.081085017901,1.12528181348925,0.615976524503358,29.9321166745646,3.02051628263569,0.5,0
4.88429977733185,1.58602593383489,0.437033951193955,119.728466698258,3.01711737446038,0.5,76
6.15090598752435,1.81659938601324,0.381563038002091,239.456933396517,3.01573017367408,0.5,90
6.1621700311077,1.81842899328741,0.381179129412612,247.930199466085,3.03181882445508,0.5,152
2.4648680143208,0.902138262175042,0.768338080339014,15.2203254108086,3.01797612054984,0.6,0
4.53273760251664,1.51132608422912,0.458635093903972,95.1270338175535,3.01405053744598,0.6,76
6.14865523603125,1.81623339710074,0.381639926711192,237.817584543884,3.01255551023082,0.6,90
6.16217003017262,1.81842899313566,0.381179129444421,247.930040399435,3.03181847188783,0.6,152
1.8486510107406,0.614456189723262,1.12806607232995,6.37729609754058,3.01525841768431,0.7,0
4.11683770180402,1.41508532053975,0.489827129501676,70.8588455282287,3.01090665359176,0.7,76
6.14640517352645,1.81586738628746,0.381716851018006,236.196151760762,3.00939520837565,0.7,90
6.16217002923879,1.81842899298412,0.381179129476187,247.929882656538,3.0318181222562,0.7,152
1.2324340071604,0.208991081615097,3.31663521334623,1.87673918048089,3.01226151642341,0.8,0
3.59499209300907,1.27954179172944,0.541715155409719,46.9184795120222,3.00764823952448,0.8,76
6.14415580127278,1.81550135380393,0.381793810898366,234.592397560111,3.0062492205206,0.8,90
6.16217002830619,1.81842899283278,0.381179129507911,247.929726221561,3.03181777552506,0.8,152
0.616217003580199,-0.484156098944849,-1.43166053690238,0.233006088368242,3.00872115129125,0.9,0
2.85202571500077,1.04802951899134,0.661381352337343,23.3006088368242,3.00418970411853,0.9,76
6.14190712053578,1.81513529988146,0.381870806327887,233.006088368242,3.00311749978974,0.9,90
6.16217002737486,1.81842899268164,0.381179129539593,247.92957107867,3.03181743165931,0.9,152
