"simID","Us","tc"
1,0.506283435334187,0
1,0.730152426194981,76
1,0.9,95.5
1,0.9,152
2,0.507412402027986,0
2,0.731263219912313,76
2,0.9,95.5
2,0.9,152
3,0.553990575020379,0
3,0.782821339909418,76
3,0.9,95.5
3,0.9,152
4,0.61690907926037,0
4,0.838920812262553,76
4,0.9,95.5
4,0.9,152
5,0.589034435171856,0
5,0.816500583999334,76
5,0.9,95.5
5,0.9,152
6,0.616938393084949,0
6,0.838943614713321,76
6,0.9,95.5
6,0.9,152
7,0.573071036240074,0
7,0.799605278162072,76
7,0.9,95.5
7,0.9,152
8,0.617006749496897,0
8,0.838996794823926,76
8,0.9,95.5
8,0.9,152
9,0.478115690332734,0
9,0.701694138329252,76
9,0.897933175246562,95.5
9,0.9,152
10,0.577686038298671,0
10,0.803563113205713,76
10,0.9,95.5
10,0.9,152
11,0.579364260019422,0
11,0.804992535803632,76
11,0.9,95.5
11,0.9,152
12,0.505154461314266,0
12,0.729039351330752,76
12,0.9,95.5
12,0.9,152
13,0.573271086129894,0
13,0.799777668892246,76
13,0.9,95.5
13,0.9,152
14,0.578523146146262,0
14,0.804276774164066,76
14,0.9,95.5
14,0.9,152
15,0.502135265091926,0
15,0.726051354336217,76
15,0.9,95.5
15,0.9,152
16,0.598867477028964,0
16,0.824576791443019,76
16,0.9,95.5
16,0.9,152
17,0.616730651047798,0
17,0.838781959029469,76
17,0.9,95.5
17,0.9,152
18,0.571489615064551,0
18,0.798239943968341,76
18,0.9,95.5
18,0.9,152
19,0.597733686287055,0
19,0.823654875230709,76
19,0.9,95.5
19,0.9,152
20,0.574068733996051,0
20,0.800464276999881,76
20,0.9,95.5
20,0.9,152
21,0.500122234612493,0
21,0.72404997045335,76
21,0.9,95.5
21,0.9,152
22,0.567451204420987,0
22,0.794732218894856,76
22,0.9,95.5
22,0.9,152
23,0.491952289597387,0
23,0.715852280855366,76
23,0.9,95.5
23,0.9,152
24,0.508330355528252,0
24,0.73216473387929,76
24,0.9,95.5
24,0.9,152
25,0.578976220851963,0
25,0.804662480695957,76
25,0.9,95.5
25,0.9,152
26,0.576565937055996,0
26,0.802606153989333,76
26,0.9,95.5
26,0.9,152
27,0.486332532851899,0
27,0.71014358305936,76
27,0.9,95.5
27,0.9,152
28,0.616431945148064,0
28,0.838549367961461,76
28,0.9,95.5
28,0.9,152
29,0.577277645829526,0
29,0.803214480257189,76
29,0.9,95.5
29,0.9,152
30,0.553149017359984,0
30,0.782065456236376,76
30,0.9,95.5
30,0.9,152
31,0.604556650984867,0
31,0.829166235175913,76
31,0.9,95.5
31,0.9,152
32,0.505812270569989,0
32,0.729688204921072,76
32,0.9,95.5
32,0.9,152
33,0.616473613609547,0
33,0.838581818609786,76
33,0.9,95.5
33,0.9,152
34,0.500264820353326,0
34,0.724191937924593,76
34,0.9,95.5
34,0.9,152
35,0.579315475788348,0
35,0.804951052057776,76
35,0.9,95.5
35,0.9,152
36,0.506866234148897,0
36,0.730726111396946,76
36,0.9,95.5
36,0.9,152
37,0.589586968442421,0
37,0.81695922734958,76
37,0.9,95.5
37,0.9,152
38,0.47846470875974,0
38,0.702055498906241,76
38,0.898172575360487,95.5
38,0.9,152
39,0.565344633660351,0
39,0.792890424710024,76
39,0.9,95.5
39,0.9,152
40,0.576610514694505,0
40,0.802644284555976,76
40,0.9,95.5
40,0.9,152
41,0.612896356326755,0
41,0.835783557284869,76
41,0.9,95.5
41,0.9,152
42,0.484801233602841,0
42,0.708578153864049,76
42,0.9,95.5
42,0.9,152
43,0.572766601045279,0
43,0.799342807149817,76
43,0.9,95.5
43,0.9,152
44,0.612364202542934,0
44,0.835365231147218,76
44,0.9,95.5
44,0.9,152
45,0.570996880864751,0
45,0.797813571040541,76
45,0.9,95.5
45,0.9,152
46,0.574851861226016,0
46,0.801137208288724,76
46,0.9,95.5
46,0.9,152
47,0.566330233481504,0
47,0.793753165769643,76
47,0.9,95.5
47,0.9,152
48,0.48436142605924,0
48,0.708127775803369,76
48,0.9,95.5
48,0.9,152
49,0.616671944566207,0
49,0.838736256496988,76
49,0.9,95.5
49,0.9,152
50,0.615637983892795,0
50,0.837930320678581,76
50,0.9,95.5
50,0.9,152
51,0.579859419475538,0
51,0.805413290849105,76
51,0.9,95.5
51,0.9,152
52,0.613792304177824,0
52,0.836486670995643,76
52,0.9,95.5
52,0.9,152
53,0.472301684360573,0
53,0.695641997412406,76
53,0.893884564255717,95.5
53,0.9,152
54,0.502833928822539,0
54,0.726744250623775,76
54,0.9,95.5
54,0.9,152
55,0.494049450343838,0
55,0.717968036786209,76
55,0.9,95.5
55,0.9,152
56,0.610672796979071,0
56,0.834032051230785,76
56,0.9,95.5
56,0.9,152
57,0.484051607105243,0
57,0.707810273231922,76
57,0.9,95.5
57,0.9,152
58,0.606033875102979,0
58,0.830347936778471,76
58,0.9,95.5
58,0.9,152
59,0.610502003706631,0
59,0.833897131329874,76
59,0.9,95.5
59,0.9,152
60,0.553313578137015,0
60,0.782213359130514,76
60,0.9,95.5
60,0.9,152
61,0.61028211031692,0
61,0.833723340393129,76
61,0.9,95.5
61,0.9,152
62,0.616001995862827,0
62,0.838214285209444,76
62,0.9,95.5
62,0.9,152
63,0.494872520307213,0
63,0.718796238663565,76
63,0.9,95.5
63,0.9,152
64,0.578965342211975,0
64,0.804653231877474,76
64,0.9,95.5
64,0.9,152
65,0.569578517892908,0
65,0.79658375787346,76
65,0.9,95.5
65,0.9,152
66,0.504624390970796,0
66,0.728515954485888,76
66,0.9,95.5
66,0.9,152
67,0.497791036641313,0
67,0.721723106511127,76
67,0.9,95.5
67,0.9,152
68,0.507894595195622,0
68,0.73173696406587,76
68,0.9,95.5
68,0.9,152
69,0.57116843983027,0
69,0.797962078727014,76
69,0.9,95.5
69,0.9,152
70,0.616336306804799,0
70,0.838474872413501,76
70,0.9,95.5
70,0.9,152
71,0.561724481676053,0
71,0.789706018128475,76
71,0.9,95.5
71,0.9,152
72,0.57798789491001,0
72,0.803820606764075,76
72,0.9,95.5
72,0.9,152
73,0.575155058063059,0
73,0.801397452235561,76
73,0.9,95.5
73,0.9,152
74,0.572978611108801,0
74,0.799525612734686,76
74,0.9,95.5
74,0.9,152
75,0.550507086247595,0
75,0.779683997386262,76
75,0.9,95.5
75,0.9,152
76,0.508127043945233,0
76,0.731965174370471,76
76,0.9,95.5
76,0.9,152
77,0.592505400808079,0
77,0.819372232777542,76
77,0.9,95.5
77,0.9,152
78,0.505192308990724,0
78,0.729076723980905,76
78,0.9,95.5
78,0.9,152
79,0.503687932859547,0
79,0.727590015889741,76
79,0.9,95.5
79,0.9,152
80,0.578125554702164,0
80,0.803937967877764,76
80,0.9,95.5
80,0.9,152
81,0.614990800278901,0
81,0.837424834244618,76
81,0.9,95.5
81,0.9,152
82,0.576562750334997,0
82,0.802603429760028,76
82,0.9,95.5
82,0.9,152
83,0.577870659699944,0
83,0.80372061508077,76
83,0.9,95.5
83,0.9,152
84,0.61498221842833,0
84,0.837418132482183,76
84,0.9,95.5
84,0.9,152
85,0.493991315201899,0
85,0.717909524876966,76
85,0.9,95.5
85,0.9,152
86,0.506064978901505,0
86,0.729937227195376,76
86,0.9,95.5
86,0.9,152
87,0.552564861078536,0
87,0.781540014352202,76
87,0.9,95.5
87,0.9,152
88,0.477383190378079,0
88,0.700934964564469,76
88,0.897429363548589,95.5
88,0.9,152
89,0.576807785672575,0
89,0.802812971839258,76
89,0.9,95.5
89,0.9,152
90,0.493205241087848,0
90,0.717117288792737,76
90,0.9,95.5
90,0.9,152
91,0.615677597252464,0
91,0.837961234681696,76
91,0.9,95.5
91,0.9,152
92,0.50007165304786,0
92,0.723999563849957,76
92,0.9,95.5
92,0.9,152
93,0.612471427187554,0
93,0.8354495626209,76
93,0.9,95.5
93,0.9,152
94,0.615056505692674,0
94,0.837476194287514,76
94,0.9,95.5
94,0.9,152
95,0.616249396838551,0
95,0.838407141192623,76
95,0.9,95.5
95,0.9,152
96,0.485198877147794,0
96,0.708985102878281,76
96,0.9,95.5
96,0.9,152
97,0.567412180186753,0
97,0.794698172909236,76
97,0.9,95.5
97,0.9,152
98,0.504278417312815,0
98,0.728174051270385,76
98,0.9,95.5
98,0.9,152
99,0.616243086612258,0
99,0.838402222957008,76
99,0.9,95.5
99,0.9,152
100,0.576168415872303,0
100,0.802265960021669,76
100,0.9,95.5
100,0.9,152
