"simID","Fec 11-60","Fec 61-80","Fec 81-100","Fec 101-120","Fec 121-140","Fec 141-160","Fec 161-180","Fec 181-211","Fec 212+","Surv 11-60","Surv 61-80","Surv 81-100","Surv 101-120","Surv 121-140","Surv 141-160","Surv 161-180","Surv 181-211","Surv 212+"
1,0,0,0,1073831.25,1307081.25,1540331.25,1773581.25,2648268.75,3056456.25,0.0001,0.56255,0.56255,0.56255,0.56255,0.56255,0.559135714285714,0.564257142857143,0.56425
2,0,0,0,357943.75,435693.75,513443.75,591193.75,882756.25,1018818.75,0.0001,0.56185,0.56185,0.56185,0.56185,0.56185,0.558442857142857,0.563564285714286,0.563542857142857
3,0,0,0,357943.75,435693.75,513443.75,591193.75,882756.25,1018818.75,0.0001,0.499671428571429,0.499671428571429,0.499671428571429,0.499671428571429,0.499671428571429,0.496657142857143,0.501185714285714,0.501185714285714
4,0,0,0,715887.5,871387.5,1026887.5,1182387.5,1765512.5,2037637.5,0.0001,0.525225,0.525225,0.525225,0.525225,0.525225,0.5220375,0.5268125,0.5268125
5,0,0,0,715887.5,871387.5,1026887.5,1182387.5,1765512.5,2037637.5,0.0001,0.559615384615385,0.559615384615385,0.559615384615385,0.559615384615385,0.559615384615385,0.556223076923077,0.561323076923077,0.5613
6,0,0,0,1073831.25,1307081.25,1540331.25,1773581.25,2648268.75,3056456.25,0.0001,0.5212625,0.5212625,0.5212625,0.5212625,0.5212625,0.5181,0.52285,0.5228375
7,0,0,0,357943.75,435693.75,513443.75,591193.75,882756.25,1018818.75,0.0001,0.564086666666667,0.564086666666667,0.564086666666667,0.564086666666667,0.564086666666667,0.560653333333333,0.565793333333333,0.565786666666667
8,0,0,0,1073831.25,1307081.25,1540331.25,1773581.25,2648268.75,3056456.25,0.0001,0.505328571428571,0.505328571428571,0.505328571428571,0.505328571428571,0.505328571428571,0.502271428571429,0.506842857142857,0.506842857142857
9,0,0,0,357943.75,435693.75,513443.75,591193.75,882756.25,1018818.75,0.0001,0.563064285714286,0.563064285714286,0.563064285714286,0.563064285714286,0.563064285714286,0.55965,0.564771428571429,0.564764285714286
10,0,0,0,357943.75,435693.75,513443.75,591193.75,882756.25,1018818.75,0.0001,0.556833333333333,0.556833333333333,0.556833333333333,0.556833333333333,0.556833333333333,0.553458333333333,0.558533333333333,0.558525
11,0,0,0,357943.75,435693.75,513443.75,591193.75,882756.25,1018818.75,0.0001,0.558823076923077,0.558823076923077,0.558823076923077,0.558823076923077,0.558823076923077,0.555438461538462,0.560530769230769,0.560515384615385
12,0,0,0,715887.5,871387.5,1026887.5,1182387.5,1765512.5,2037637.5,0.0001,0.5209375,0.5209375,0.5209375,0.5209375,0.5209375,0.5177875,0.522525,0.5225125
13,0,0,0,1073831.25,1307081.25,1540331.25,1773581.25,2648268.75,3056456.25,0.0001,0.5194,0.5194,0.5194,0.5194,0.5194,0.5162375,0.5209625,0.52095
14,0,0,0,715887.5,871387.5,1026887.5,1182387.5,1765512.5,2037637.5,0.0001,0.555016666666667,0.555016666666667,0.555016666666667,0.555016666666667,0.555016666666667,0.55165,0.556708333333333,0.5567
15,0,0,0,1073831.25,1307081.25,1540331.25,1773581.25,2648268.75,3056456.25,0.0001,0.550109090909091,0.550109090909091,0.550109090909091,0.550109090909091,0.550109090909091,0.546772727272727,0.551790909090909,0.551763636363636
16,0,0,0,357943.75,435693.75,513443.75,591193.75,882756.25,1018818.75,0.0001,0.565173333333333,0.565173333333333,0.565173333333333,0.565173333333333,0.565173333333333,0.56174,0.566886666666667,0.56688
17,0,0,0,715887.5,871387.5,1026887.5,1182387.5,1765512.5,2037637.5,0.0001,0.5250125,0.5250125,0.5250125,0.5250125,0.5250125,0.521825,0.5266125,0.5265875
18,0,0,0,357943.75,435693.75,513443.75,591193.75,882756.25,1018818.75,0.0001,0.54537,0.54537,0.54537,0.54537,0.54537,0.54207,0.54704,0.54701
19,0,0,0,715887.5,871387.5,1026887.5,1182387.5,1765512.5,2037637.5,0.0001,0.551127272727273,0.551127272727273,0.551127272727273,0.551127272727273,0.551127272727273,0.547790909090909,0.5528,0.552790909090909
20,0,0,0,357943.75,435693.75,513443.75,591193.75,882756.25,1018818.75,0.0001,0.536388888888889,0.536388888888889,0.536388888888889,0.536388888888889,0.536388888888889,0.533133333333333,0.538022222222222,0.538
21,0,0,0,715887.5,871387.5,1026887.5,1182387.5,1765512.5,2037637.5,0.0001,0.550827272727273,0.550827272727273,0.550827272727273,0.550827272727273,0.550827272727273,0.547481818181818,0.5525,0.552481818181818
22,0,0,0,1073831.25,1307081.25,1540331.25,1773581.25,2648268.75,3056456.25,0.0001,0.524025,0.524025,0.524025,0.524025,0.524025,0.5208375,0.5256125,0.5256125
23,0,0,0,715887.5,871387.5,1026887.5,1182387.5,1765512.5,2037637.5,0.0001,0.564566666666667,0.564566666666667,0.564566666666667,0.564566666666667,0.564566666666667,0.561133333333333,0.56628,0.566273333333333
24,0,0,0,357943.75,435693.75,513443.75,591193.75,882756.25,1018818.75,0.0001,0.563353333333333,0.563353333333333,0.563353333333333,0.563353333333333,0.563353333333333,0.559933333333333,0.565066666666667,0.565066666666667
25,0,0,0,715887.5,871387.5,1026887.5,1182387.5,1765512.5,2037637.5,0.0001,0.507585714285714,0.507585714285714,0.507585714285714,0.507585714285714,0.507585714285714,0.504514285714286,0.509128571428571,0.509114285714286
26,0,0,0,1073831.25,1307081.25,1540331.25,1773581.25,2648268.75,3056456.25,0.0001,0.54358,0.54358,0.54358,0.54358,0.54358,0.54029,0.54524,0.54521
27,0,0,0,357943.75,435693.75,513443.75,591193.75,882756.25,1018818.75,0.0001,0.556408333333333,0.556408333333333,0.556408333333333,0.556408333333333,0.556408333333333,0.553025,0.5581,0.558083333333333
28,0,0,0,1073831.25,1307081.25,1540331.25,1773581.25,2648268.75,3056456.25,0.0001,0.556383333333333,0.556383333333333,0.556383333333333,0.556383333333333,0.556383333333333,0.552991666666667,0.558066666666667,0.55805
29,0,0,0,357943.75,435693.75,513443.75,591193.75,882756.25,1018818.75,0.0001,0.551018181818182,0.551018181818182,0.551018181818182,0.551018181818182,0.551018181818182,0.547681818181818,0.552690909090909,0.552681818181818
30,0,0,0,357943.75,435693.75,513443.75,591193.75,882756.25,1018818.75,0.0001,0.54538,0.54538,0.54538,0.54538,0.54538,0.54207,0.54704,0.54701
31,0,0,0,715887.5,871387.5,1026887.5,1182387.5,1765512.5,2037637.5,0.0001,0.507371428571429,0.507371428571429,0.507371428571429,0.507371428571429,0.507371428571429,0.504314285714286,0.508928571428571,0.5089
32,0,0,0,357943.75,435693.75,513443.75,591193.75,882756.25,1018818.75,0.0001,0.516675,0.516675,0.516675,0.516675,0.516675,0.5135375,0.51825,0.5182375
33,0,0,0,715887.5,871387.5,1026887.5,1182387.5,1765512.5,2037637.5,0.0001,0.5583,0.5583,0.5583,0.5583,0.5583,0.554907692307692,0.56,0.559984615384615
34,0,0,0,357943.75,435693.75,513443.75,591193.75,882756.25,1018818.75,0.0001,0.556733333333333,0.556733333333333,0.556733333333333,0.556733333333333,0.556733333333333,0.553358333333333,0.558433333333333,0.558408333333333
35,0,0,0,357943.75,435693.75,513443.75,591193.75,882756.25,1018818.75,0.0001,0.54498,0.54498,0.54498,0.54498,0.54498,0.54167,0.54663,0.54661
36,0,0,0,1073831.25,1307081.25,1540331.25,1773581.25,2648268.75,3056456.25,0.0001,0.5561,0.5561,0.5561,0.5561,0.5561,0.552733333333333,0.557791666666667,0.557783333333333
37,0,0,0,357943.75,435693.75,513443.75,591193.75,882756.25,1018818.75,0.0001,0.558653846153846,0.558653846153846,0.558653846153846,0.558653846153846,0.558653846153846,0.555253846153846,0.560346153846154,0.560330769230769
38,0,0,0,357943.75,435693.75,513443.75,591193.75,882756.25,1018818.75,0.0001,0.559923076923077,0.559923076923077,0.559923076923077,0.559923076923077,0.559923076923077,0.556523076923077,0.561615384615385,0.561607692307692
39,0,0,0,1073831.25,1307081.25,1540331.25,1773581.25,2648268.75,3056456.25,0.0001,0.563073333333333,0.563073333333333,0.563073333333333,0.563073333333333,0.563073333333333,0.55966,0.564786666666667,0.56478
40,0,0,0,357943.75,435693.75,513443.75,591193.75,882756.25,1018818.75,0.0001,0.558292307692308,0.558292307692308,0.558292307692308,0.558292307692308,0.558292307692308,0.554907692307692,0.559984615384615,0.559976923076923
41,0,0,0,715887.5,871387.5,1026887.5,1182387.5,1765512.5,2037637.5,0.0001,0.561071428571429,0.561071428571429,0.561071428571429,0.561071428571429,0.561071428571429,0.557657142857143,0.562764285714286,0.562764285714286
42,0,0,0,357943.75,435693.75,513443.75,591193.75,882756.25,1018818.75,0.0001,0.549709090909091,0.549709090909091,0.549709090909091,0.549709090909091,0.549709090909091,0.546372727272727,0.551372727272727,0.551363636363636
43,0,0,0,715887.5,871387.5,1026887.5,1182387.5,1765512.5,2037637.5,0.0001,0.54368,0.54368,0.54368,0.54368,0.54368,0.54038,0.54533,0.54533
44,0,0,0,715887.5,871387.5,1026887.5,1182387.5,1765512.5,2037637.5,0.0001,0.54143,0.54143,0.54143,0.54143,0.54143,0.53813,0.54307,0.54305
45,0,0,0,1073831.25,1307081.25,1540331.25,1773581.25,2648268.75,3056456.25,0.0001,0.558161538461538,0.558161538461538,0.558161538461538,0.558161538461538,0.558161538461538,0.554776923076923,0.559861538461538,0.559853846153846
46,0,0,0,715887.5,871387.5,1026887.5,1182387.5,1765512.5,2037637.5,0.0001,0.535133333333333,0.535133333333333,0.535133333333333,0.535133333333333,0.535133333333333,0.531877777777778,0.536766666666667,0.536733333333333
47,0,0,0,715887.5,871387.5,1026887.5,1182387.5,1765512.5,2037637.5,0.0001,0.4992,0.4992,0.4992,0.4992,0.4992,0.496185714285714,0.500714285714286,0.500714285714286
48,0,0,0,357943.75,435693.75,513443.75,591193.75,882756.25,1018818.75,0.0001,0.532522222222222,0.532522222222222,0.532522222222222,0.532522222222222,0.532522222222222,0.529288888888889,0.534122222222222,0.534122222222222
49,0,0,0,357943.75,435693.75,513443.75,591193.75,882756.25,1018818.75,0.0001,0.520525,0.520525,0.520525,0.520525,0.520525,0.5173625,0.5221125,0.522075
50,0,0,0,1073831.25,1307081.25,1540331.25,1773581.25,2648268.75,3056456.25,0.0001,0.534744444444444,0.534744444444444,0.534744444444444,0.534744444444444,0.534744444444444,0.5315,0.536355555555556,0.536355555555556
51,0,0,0,1073831.25,1307081.25,1540331.25,1773581.25,2648268.75,3056456.25,0.0001,0.553475,0.553475,0.553475,0.553475,0.553475,0.550108333333333,0.55515,0.555141666666667
52,0,0,0,715887.5,871387.5,1026887.5,1182387.5,1765512.5,2037637.5,0.0001,0.561728571428571,0.561728571428571,0.561728571428571,0.561728571428571,0.561728571428571,0.558314285714286,0.563435714285714,0.563428571428571
53,0,0,0,357943.75,435693.75,513443.75,591193.75,882756.25,1018818.75,0.0001,0.557338461538462,0.557338461538462,0.557338461538462,0.557338461538462,0.557338461538462,0.553961538461538,0.559038461538461,0.559023076923077
54,0,0,0,715887.5,871387.5,1026887.5,1182387.5,1765512.5,2037637.5,0.0001,0.548281818181818,0.548281818181818,0.548281818181818,0.548281818181818,0.548281818181818,0.544945454545455,0.549945454545455,0.549927272727273
55,0,0,0,1073831.25,1307081.25,1540331.25,1773581.25,2648268.75,3056456.25,0.0001,0.559376923076923,0.559376923076923,0.559376923076923,0.559376923076923,0.559376923076923,0.555976923076923,0.561076923076923,0.561061538461538
56,0,0,0,715887.5,871387.5,1026887.5,1182387.5,1765512.5,2037637.5,0.0001,0.52255,0.52255,0.52255,0.52255,0.52255,0.5193875,0.52415,0.524125
57,0,0,0,715887.5,871387.5,1026887.5,1182387.5,1765512.5,2037637.5,0.0001,0.54373,0.54373,0.54373,0.54373,0.54373,0.54044,0.54539,0.54538
58,0,0,0,1073831.25,1307081.25,1540331.25,1773581.25,2648268.75,3056456.25,0.0001,0.507414285714286,0.507414285714286,0.507414285714286,0.507414285714286,0.507414285714286,0.504357142857143,0.508971428571429,0.508942857142857
59,0,0,0,1073831.25,1307081.25,1540331.25,1773581.25,2648268.75,3056456.25,0.0001,0.54191,0.54191,0.54191,0.54191,0.54191,0.53862,0.54355,0.54354
60,0,0,0,1073831.25,1307081.25,1540331.25,1773581.25,2648268.75,3056456.25,0.0001,0.547627272727273,0.547627272727273,0.547627272727273,0.547627272727273,0.547627272727273,0.544318181818182,0.5493,0.549290909090909
61,0,0,0,715887.5,871387.5,1026887.5,1182387.5,1765512.5,2037637.5,0.0001,0.553525,0.553525,0.553525,0.553525,0.553525,0.550166666666667,0.555208333333333,0.555191666666667
62,0,0,0,357943.75,435693.75,513443.75,591193.75,882756.25,1018818.75,0.0001,0.530188888888889,0.530188888888889,0.530188888888889,0.530188888888889,0.530188888888889,0.526966666666667,0.531788888888889,0.531788888888889
63,0,0,0,357943.75,435693.75,513443.75,591193.75,882756.25,1018818.75,0.0001,0.564213333333333,0.564213333333333,0.564213333333333,0.564213333333333,0.564213333333333,0.560786666666667,0.565926666666667,0.565913333333333
64,0,0,0,357943.75,435693.75,513443.75,591193.75,882756.25,1018818.75,0.0001,0.563906666666667,0.563906666666667,0.563906666666667,0.563906666666667,0.563906666666667,0.560486666666667,0.565626666666667,0.565613333333333
65,0,0,0,1073831.25,1307081.25,1540331.25,1773581.25,2648268.75,3056456.25,0.0001,0.5081,0.5081,0.5081,0.5081,0.5081,0.505028571428571,0.509642857142857,0.509642857142857
66,0,0,0,1073831.25,1307081.25,1540331.25,1773581.25,2648268.75,3056456.25,0.0001,0.564693333333333,0.564693333333333,0.564693333333333,0.564693333333333,0.564693333333333,0.561266666666667,0.566413333333333,0.566406666666667
67,0,0,0,1073831.25,1307081.25,1540331.25,1773581.25,2648268.75,3056456.25,0.0001,0.561971428571429,0.561971428571429,0.561971428571429,0.561971428571429,0.561971428571429,0.558564285714286,0.563685714285714,0.563671428571429
68,0,0,0,1073831.25,1307081.25,1540331.25,1773581.25,2648268.75,3056456.25,0.0001,0.5176,0.5176,0.5176,0.5176,0.5176,0.514475,0.5191875,0.51915
69,0,0,0,357943.75,435693.75,513443.75,591193.75,882756.25,1018818.75,0.0001,0.54573,0.54573,0.54573,0.54573,0.54573,0.54243,0.54739,0.54738
70,0,0,0,357943.75,435693.75,513443.75,591193.75,882756.25,1018818.75,0.0001,0.502671428571429,0.502671428571429,0.502671428571429,0.502671428571429,0.502671428571429,0.499628571428571,0.5042,0.504185714285714
71,0,0,0,357943.75,435693.75,513443.75,591193.75,882756.25,1018818.75,0.0001,0.56306,0.56306,0.56306,0.56306,0.56306,0.55964,0.564766666666667,0.56476
72,0,0,0,715887.5,871387.5,1026887.5,1182387.5,1765512.5,2037637.5,0.0001,0.54543,0.54543,0.54543,0.54543,0.54543,0.54212,0.54707,0.54707
73,0,0,0,715887.5,871387.5,1026887.5,1182387.5,1765512.5,2037637.5,0.0001,0.52495,0.52495,0.52495,0.52495,0.52495,0.52175,0.5265375,0.526525
74,0,0,0,357943.75,435693.75,513443.75,591193.75,882756.25,1018818.75,0.0001,0.5528,0.5528,0.5528,0.5528,0.5528,0.549441666666667,0.554475,0.554466666666667
75,0,0,0,1073831.25,1307081.25,1540331.25,1773581.25,2648268.75,3056456.25,0.0001,0.5405,0.5405,0.5405,0.5405,0.5405,0.53722,0.54214,0.54213
76,0,0,0,715887.5,871387.5,1026887.5,1182387.5,1765512.5,2037637.5,0.0001,0.5435,0.5435,0.5435,0.5435,0.5435,0.5402,0.54515,0.54514
77,0,0,0,715887.5,871387.5,1026887.5,1182387.5,1765512.5,2037637.5,0.0001,0.54541,0.54541,0.54541,0.54541,0.54541,0.5421,0.54707,0.54707
78,0,0,0,357943.75,435693.75,513443.75,591193.75,882756.25,1018818.75,0.0001,0.5637,0.5637,0.5637,0.5637,0.5637,0.560273333333333,0.565406666666667,0.565406666666667
79,0,0,0,357943.75,435693.75,513443.75,591193.75,882756.25,1018818.75,0.0001,0.503771428571429,0.503771428571429,0.503771428571429,0.503771428571429,0.503771428571429,0.500728571428571,0.5053,0.5053
80,0,0,0,357943.75,435693.75,513443.75,591193.75,882756.25,1018818.75,0.0001,0.562142857142857,0.562142857142857,0.562142857142857,0.562142857142857,0.562142857142857,0.558728571428571,0.56385,0.563835714285714
81,0,0,0,1073831.25,1307081.25,1540331.25,1773581.25,2648268.75,3056456.25,0.0001,0.565073333333333,0.565073333333333,0.565073333333333,0.565073333333333,0.565073333333333,0.56164,0.566786666666667,0.56678
82,0,0,0,715887.5,871387.5,1026887.5,1182387.5,1765512.5,2037637.5,0.0001,0.54477,0.54477,0.54477,0.54477,0.54477,0.54147,0.54642,0.54641
83,0,0,0,1073831.25,1307081.25,1540331.25,1773581.25,2648268.75,3056456.25,0.0001,0.554,0.554,0.554,0.554,0.554,0.550633333333333,0.555675,0.555666666666667
84,0,0,0,357943.75,435693.75,513443.75,591193.75,882756.25,1018818.75,0.0001,0.562235714285714,0.562235714285714,0.562235714285714,0.562235714285714,0.562235714285714,0.558814285714286,0.563942857142857,0.563928571428571
85,0,0,0,357943.75,435693.75,513443.75,591193.75,882756.25,1018818.75,0.0001,0.5229625,0.5229625,0.5229625,0.5229625,0.5229625,0.5197875,0.52455,0.524525
86,0,0,0,715887.5,871387.5,1026887.5,1182387.5,1765512.5,2037637.5,0.0001,0.558561538461538,0.558561538461538,0.558561538461538,0.558561538461538,0.558561538461538,0.555169230769231,0.560253846153846,0.560238461538462
87,0,0,0,715887.5,871387.5,1026887.5,1182387.5,1765512.5,2037637.5,0.0001,0.504614285714286,0.504614285714286,0.504614285714286,0.504614285714286,0.504614285714286,0.501557142857143,0.506157142857143,0.506128571428571
88,0,0,0,1073831.25,1307081.25,1540331.25,1773581.25,2648268.75,3056456.25,0.0001,0.503657142857143,0.503657142857143,0.503657142857143,0.503657142857143,0.503657142857143,0.5006,0.505171428571429,0.505171428571429
89,0,0,0,357943.75,435693.75,513443.75,591193.75,882756.25,1018818.75,0.0001,0.56,0.56,0.56,0.56,0.56,0.5566,0.561707692307692,0.561692307692308
90,0,0,0,715887.5,871387.5,1026887.5,1182387.5,1765512.5,2037637.5,0.0001,0.497128571428571,0.497128571428571,0.497128571428571,0.497128571428571,0.497128571428571,0.494114285714286,0.498628571428571,0.498614285714286
91,0,0,0,715887.5,871387.5,1026887.5,1182387.5,1765512.5,2037637.5,0.0001,0.533277777777778,0.533277777777778,0.533277777777778,0.533277777777778,0.533277777777778,0.530055555555556,0.5349,0.534888888888889
92,0,0,0,1073831.25,1307081.25,1540331.25,1773581.25,2648268.75,3056456.25,0.0001,0.5554,0.5554,0.5554,0.5554,0.5554,0.552033333333333,0.557083333333333,0.557075
93,0,0,0,715887.5,871387.5,1026887.5,1182387.5,1765512.5,2037637.5,0.0001,0.561042857142857,0.561042857142857,0.561042857142857,0.561042857142857,0.561042857142857,0.557635714285714,0.562742857142857,0.562742857142857
94,0,0,0,1073831.25,1307081.25,1540331.25,1773581.25,2648268.75,3056456.25,0.0001,0.5224125,0.5224125,0.5224125,0.5224125,0.5224125,0.51925,0.524,0.524
95,0,0,0,1073831.25,1307081.25,1540331.25,1773581.25,2648268.75,3056456.25,0.0001,0.5055,0.5055,0.5055,0.5055,0.5055,0.502442857142857,0.507042857142857,0.507014285714286
96,0,0,0,1073831.25,1307081.25,1540331.25,1773581.25,2648268.75,3056456.25,0.0001,0.549381818181818,0.549381818181818,0.549381818181818,0.549381818181818,0.549381818181818,0.546045454545455,0.551054545454545,0.551054545454545
97,0,0,0,357943.75,435693.75,513443.75,591193.75,882756.25,1018818.75,0.0001,0.551136363636364,0.551136363636364,0.551136363636364,0.551136363636364,0.551136363636364,0.547790909090909,0.552818181818182,0.552809090909091
98,0,0,0,357943.75,435693.75,513443.75,591193.75,882756.25,1018818.75,0.0001,0.5308,0.5308,0.5308,0.5308,0.5308,0.527577777777778,0.532411111111111,0.5324
99,0,0,0,1073831.25,1307081.25,1540331.25,1773581.25,2648268.75,3056456.25,0.0001,0.562621428571429,0.562621428571429,0.562621428571429,0.562621428571429,0.562621428571429,0.5592,0.564328571428571,0.564321428571429
100,0,0,0,357943.75,435693.75,513443.75,591193.75,882756.25,1018818.75,0.0001,0.563733333333333,0.563733333333333,0.563733333333333,0.563733333333333,0.563733333333333,0.560306666666667,0.565446666666667,0.56544
101,0,0,0,715887.5,871387.5,1026887.5,1182387.5,1765512.5,2037637.5,0.0001,0.557361538461538,0.557361538461538,0.557361538461538,0.557361538461538,0.557361538461538,0.553976923076923,0.559053846153846,0.559046153846154
102,0,0,0,1073831.25,1307081.25,1540331.25,1773581.25,2648268.75,3056456.25,0.0001,0.547818181818182,0.547818181818182,0.547818181818182,0.547818181818182,0.547818181818182,0.5445,0.549481818181818,0.549472727272727
103,0,0,0,1073831.25,1307081.25,1540331.25,1773581.25,2648268.75,3056456.25,0.0001,0.5193625,0.5193625,0.5193625,0.5193625,0.5193625,0.5162,0.5209375,0.520925
104,0,0,0,1073831.25,1307081.25,1540331.25,1773581.25,2648268.75,3056456.25,0.0001,0.562242857142857,0.562242857142857,0.562242857142857,0.562242857142857,0.562242857142857,0.558828571428571,0.56395,0.563942857142857
105,0,0,0,715887.5,871387.5,1026887.5,1182387.5,1765512.5,2037637.5,0.0001,0.533344444444445,0.533344444444445,0.533344444444445,0.533344444444445,0.533344444444445,0.530111111111111,0.534966666666667,0.534955555555556
106,0,0,0,715887.5,871387.5,1026887.5,1182387.5,1765512.5,2037637.5,0.0001,0.551036363636364,0.551036363636364,0.551036363636364,0.551036363636364,0.551036363636364,0.547681818181818,0.552709090909091,0.552690909090909
107,0,0,0,715887.5,871387.5,1026887.5,1182387.5,1765512.5,2037637.5,0.0001,0.54428,0.54428,0.54428,0.54428,0.54428,0.54098,0.54593,0.54593
108,0,0,0,715887.5,871387.5,1026887.5,1182387.5,1765512.5,2037637.5,0.0001,0.530022222222222,0.530022222222222,0.530022222222222,0.530022222222222,0.530022222222222,0.526822222222222,0.531622222222222,0.531622222222222
109,0,0,0,1073831.25,1307081.25,1540331.25,1773581.25,2648268.75,3056456.25,0.0001,0.521325,0.521325,0.521325,0.521325,0.521325,0.518175,0.5229125,0.5229
110,0,0,0,357943.75,435693.75,513443.75,591193.75,882756.25,1018818.75,0.0001,0.504942857142857,0.504942857142857,0.504942857142857,0.504942857142857,0.504942857142857,0.5019,0.5065,0.506471428571429
111,0,0,0,1073831.25,1307081.25,1540331.25,1773581.25,2648268.75,3056456.25,0.0001,0.560407142857143,0.560407142857143,0.560407142857143,0.560407142857143,0.560407142857143,0.557007142857143,0.562107142857143,0.562107142857143
112,0,0,0,715887.5,871387.5,1026887.5,1182387.5,1765512.5,2037637.5,0.0001,0.555783333333333,0.555783333333333,0.555783333333333,0.555783333333333,0.555783333333333,0.552416666666667,0.557475,0.557466666666667
113,0,0,0,1073831.25,1307081.25,1540331.25,1773581.25,2648268.75,3056456.25,0.0001,0.547827272727273,0.547827272727273,0.547827272727273,0.547827272727273,0.547827272727273,0.544509090909091,0.5495,0.549472727272727
114,0,0,0,357943.75,435693.75,513443.75,591193.75,882756.25,1018818.75,0.0001,0.550936363636364,0.550936363636364,0.550936363636364,0.550936363636364,0.550936363636364,0.547590909090909,0.552609090909091,0.552609090909091
115,0,0,0,1073831.25,1307081.25,1540331.25,1773581.25,2648268.75,3056456.25,0.0001,0.5256,0.5256,0.5256,0.5256,0.5256,0.5224125,0.5271875,0.5271875
116,0,0,0,1073831.25,1307081.25,1540331.25,1773581.25,2648268.75,3056456.25,0.0001,0.508857142857143,0.508857142857143,0.508857142857143,0.508857142857143,0.508857142857143,0.505785714285714,0.5104,0.510385714285714
117,0,0,0,1073831.25,1307081.25,1540331.25,1773581.25,2648268.75,3056456.25,0.0001,0.550336363636364,0.550336363636364,0.550336363636364,0.550336363636364,0.550336363636364,0.547,0.552009090909091,0.552
118,0,0,0,715887.5,871387.5,1026887.5,1182387.5,1765512.5,2037637.5,0.0001,0.54537,0.54537,0.54537,0.54537,0.54537,0.54206,0.54701,0.54701
119,0,0,0,1073831.25,1307081.25,1540331.25,1773581.25,2648268.75,3056456.25,0.0001,0.5215,0.5215,0.5215,0.5215,0.5215,0.5183375,0.5230875,0.5230625
120,0,0,0,357943.75,435693.75,513443.75,591193.75,882756.25,1018818.75,0.0001,0.555491666666667,0.555491666666667,0.555491666666667,0.555491666666667,0.555491666666667,0.552116666666667,0.557183333333333,0.557166666666667
121,0,0,0,1073831.25,1307081.25,1540331.25,1773581.25,2648268.75,3056456.25,0.0001,0.5170875,0.5170875,0.5170875,0.5170875,0.5170875,0.5139625,0.5186625,0.51865
122,0,0,0,357943.75,435693.75,513443.75,591193.75,882756.25,1018818.75,0.0001,0.55415,0.55415,0.55415,0.55415,0.55415,0.550783333333333,0.555833333333333,0.555825
123,0,0,0,1073831.25,1307081.25,1540331.25,1773581.25,2648268.75,3056456.25,0.0001,0.562328571428572,0.562328571428572,0.562328571428572,0.562328571428572,0.562328571428572,0.558921428571429,0.564035714285714,0.564035714285714
124,0,0,0,357943.75,435693.75,513443.75,591193.75,882756.25,1018818.75,0.0001,0.56492,0.56492,0.56492,0.56492,0.56492,0.561493333333333,0.566633333333333,0.566633333333333
125,0,0,0,357943.75,435693.75,513443.75,591193.75,882756.25,1018818.75,0.0001,0.536677777777778,0.536677777777778,0.536677777777778,0.536677777777778,0.536677777777778,0.533433333333333,0.538311111111111,0.5383
126,0,0,0,357943.75,435693.75,513443.75,591193.75,882756.25,1018818.75,0.0001,0.560161538461538,0.560161538461538,0.560161538461538,0.560161538461538,0.560161538461538,0.556753846153846,0.561853846153846,0.561853846153846
127,0,0,0,715887.5,871387.5,1026887.5,1182387.5,1765512.5,2037637.5,0.0001,0.516625,0.516625,0.516625,0.516625,0.516625,0.5135,0.5182,0.5182
128,0,0,0,715887.5,871387.5,1026887.5,1182387.5,1765512.5,2037637.5,0.0001,0.562242857142857,0.562242857142857,0.562242857142857,0.562242857142857,0.562242857142857,0.558828571428571,0.56395,0.563942857142857
129,0,0,0,1073831.25,1307081.25,1540331.25,1773581.25,2648268.75,3056456.25,0.0001,0.560130769230769,0.560130769230769,0.560130769230769,0.560130769230769,0.560130769230769,0.556730769230769,0.561830769230769,0.561830769230769
130,0,0,0,357943.75,435693.75,513443.75,591193.75,882756.25,1018818.75,0.0001,0.5227875,0.5227875,0.5227875,0.5227875,0.5227875,0.519625,0.524375,0.5243625
131,0,0,0,715887.5,871387.5,1026887.5,1182387.5,1765512.5,2037637.5,0.0001,0.54573,0.54573,0.54573,0.54573,0.54573,0.54242,0.54738,0.54737
132,0,0,0,1073831.25,1307081.25,1540331.25,1773581.25,2648268.75,3056456.25,0.0001,0.532822222222222,0.532822222222222,0.532822222222222,0.532822222222222,0.532822222222222,0.529588888888889,0.534433333333333,0.534422222222222
133,0,0,0,1073831.25,1307081.25,1540331.25,1773581.25,2648268.75,3056456.25,0.0001,0.550636363636364,0.550636363636364,0.550636363636364,0.550636363636364,0.550636363636364,0.547290909090909,0.552309090909091,0.552290909090909
134,0,0,0,1073831.25,1307081.25,1540331.25,1773581.25,2648268.75,3056456.25,0.0001,0.547772727272727,0.547772727272727,0.547772727272727,0.547772727272727,0.547772727272727,0.544454545454545,0.549445454545455,0.549427272727273
135,0,0,0,357943.75,435693.75,513443.75,591193.75,882756.25,1018818.75,0.0001,0.508057142857143,0.508057142857143,0.508057142857143,0.508057142857143,0.508057142857143,0.504971428571429,0.5096,0.509571428571429
136,0,0,0,357943.75,435693.75,513443.75,591193.75,882756.25,1018818.75,0.0001,0.553658333333333,0.553658333333333,0.553658333333333,0.553658333333333,0.553658333333333,0.5503,0.555341666666667,0.555325
137,0,0,0,357943.75,435693.75,513443.75,591193.75,882756.25,1018818.75,0.0001,0.547963636363636,0.547963636363636,0.547963636363636,0.547963636363636,0.547963636363636,0.544636363636364,0.549627272727273,0.549609090909091
138,0,0,0,357943.75,435693.75,513443.75,591193.75,882756.25,1018818.75,0.0001,0.562914285714286,0.562914285714286,0.562914285714286,0.562914285714286,0.562914285714286,0.559492857142857,0.564628571428571,0.564614285714286
139,0,0,0,715887.5,871387.5,1026887.5,1182387.5,1765512.5,2037637.5,0.0001,0.496485714285714,0.496485714285714,0.496485714285714,0.496485714285714,0.496485714285714,0.493471428571429,0.497985714285714,0.497985714285714
140,0,0,0,715887.5,871387.5,1026887.5,1182387.5,1765512.5,2037637.5,0.0001,0.551563636363636,0.551563636363636,0.551563636363636,0.551563636363636,0.551563636363636,0.548218181818182,0.553236363636364,0.553236363636364
141,0,0,0,357943.75,435693.75,513443.75,591193.75,882756.25,1018818.75,0.0001,0.54375,0.54375,0.54375,0.54375,0.54375,0.54045,0.54541,0.54539
142,0,0,0,357943.75,435693.75,513443.75,591193.75,882756.25,1018818.75,0.0001,0.560435714285714,0.560435714285714,0.560435714285714,0.560435714285714,0.560435714285714,0.557028571428571,0.562142857142857,0.562128571428571
143,0,0,0,715887.5,871387.5,1026887.5,1182387.5,1765512.5,2037637.5,0.0001,0.551327272727273,0.551327272727273,0.551327272727273,0.551327272727273,0.551327272727273,0.547981818181818,0.553,0.552990909090909
144,0,0,0,1073831.25,1307081.25,1540331.25,1773581.25,2648268.75,3056456.25,0.0001,0.54003,0.54003,0.54003,0.54003,0.54003,0.53675,0.54167,0.54166
145,0,0,0,1073831.25,1307081.25,1540331.25,1773581.25,2648268.75,3056456.25,0.0001,0.506014285714286,0.506014285714286,0.506014285714286,0.506014285714286,0.506014285714286,0.502957142857143,0.507542857142857,0.507542857142857
146,0,0,0,715887.5,871387.5,1026887.5,1182387.5,1765512.5,2037637.5,0.0001,0.5206625,0.5206625,0.5206625,0.5206625,0.5206625,0.5175125,0.5222375,0.522225
147,0,0,0,715887.5,871387.5,1026887.5,1182387.5,1765512.5,2037637.5,0.0001,0.547654545454546,0.547654545454546,0.547654545454546,0.547654545454546,0.547654545454546,0.544318181818182,0.549309090909091,0.5493
148,0,0,0,357943.75,435693.75,513443.75,591193.75,882756.25,1018818.75,0.0001,0.502642857142857,0.502642857142857,0.502642857142857,0.502642857142857,0.502642857142857,0.4996,0.504171428571429,0.504157142857143
149,0,0,0,1073831.25,1307081.25,1540331.25,1773581.25,2648268.75,3056456.25,0.0001,0.509471428571429,0.509471428571429,0.509471428571429,0.509471428571429,0.509471428571429,0.506385714285714,0.511014285714286,0.511014285714286
150,0,0,0,1073831.25,1307081.25,1540331.25,1773581.25,2648268.75,3056456.25,0.0001,0.500314285714286,0.500314285714286,0.500314285714286,0.500314285714286,0.500314285714286,0.497285714285714,0.501842857142857,0.501828571428571
151,0,0,0,357943.75,435693.75,513443.75,591193.75,882756.25,1018818.75,0.0001,0.56332,0.56332,0.56332,0.56332,0.56332,0.559906666666667,0.565026666666667,0.565026666666667
152,0,0,0,357943.75,435693.75,513443.75,591193.75,882756.25,1018818.75,0.0001,0.532133333333333,0.532133333333333,0.532133333333333,0.532133333333333,0.532133333333333,0.528911111111111,0.533744444444444,0.533733333333333
153,0,0,0,715887.5,871387.5,1026887.5,1182387.5,1765512.5,2037637.5,0.0001,0.557569230769231,0.557569230769231,0.557569230769231,0.557569230769231,0.557569230769231,0.554184615384615,0.559261538461538,0.559261538461538
154,0,0,0,357943.75,435693.75,513443.75,591193.75,882756.25,1018818.75,0.0001,0.54452,0.54452,0.54452,0.54452,0.54452,0.54122,0.54617,0.54617
155,0,0,0,357943.75,435693.75,513443.75,591193.75,882756.25,1018818.75,0.0001,0.5542,0.5542,0.5542,0.5542,0.5542,0.550833333333333,0.555883333333333,0.555883333333333
156,0,0,0,715887.5,871387.5,1026887.5,1182387.5,1765512.5,2037637.5,0.0001,0.5242125,0.5242125,0.5242125,0.5242125,0.5242125,0.521025,0.5258,0.5257875
157,0,0,0,715887.5,871387.5,1026887.5,1182387.5,1765512.5,2037637.5,0.0001,0.535466666666667,0.535466666666667,0.535466666666667,0.535466666666667,0.535466666666667,0.532211111111111,0.537088888888889,0.537066666666667
158,0,0,0,715887.5,871387.5,1026887.5,1182387.5,1765512.5,2037637.5,0.0001,0.54094,0.54094,0.54094,0.54094,0.54094,0.53766,0.54258,0.54257
159,0,0,0,357943.75,435693.75,513443.75,591193.75,882756.25,1018818.75,0.0001,0.518825,0.518825,0.518825,0.518825,0.518825,0.515675,0.5203875,0.5203875
160,0,0,0,715887.5,871387.5,1026887.5,1182387.5,1765512.5,2037637.5,0.0001,0.5374,0.5374,0.5374,0.5374,0.5374,0.534144444444444,0.539033333333333,0.539033333333333
161,0,0,0,1073831.25,1307081.25,1540331.25,1773581.25,2648268.75,3056456.25,0.0001,0.557292307692308,0.557292307692308,0.557292307692308,0.557292307692308,0.557292307692308,0.553915384615385,0.558992307692308,0.558976923076923
162,0,0,0,1073831.25,1307081.25,1540331.25,1773581.25,2648268.75,3056456.25,0.0001,0.562421428571429,0.562421428571429,0.562421428571429,0.562421428571429,0.562421428571429,0.559,0.564121428571429,0.564121428571429
163,0,0,0,715887.5,871387.5,1026887.5,1182387.5,1765512.5,2037637.5,0.0001,0.563064285714286,0.563064285714286,0.563064285714286,0.563064285714286,0.563064285714286,0.559642857142857,0.564771428571429,0.564764285714286
164,0,0,0,357943.75,435693.75,513443.75,591193.75,882756.25,1018818.75,0.0001,0.5218375,0.5218375,0.5218375,0.5218375,0.5218375,0.5186625,0.523425,0.5233875
165,0,0,0,715887.5,871387.5,1026887.5,1182387.5,1765512.5,2037637.5,0.0001,0.54471,0.54471,0.54471,0.54471,0.54471,0.54141,0.54637,0.54636
166,0,0,0,1073831.25,1307081.25,1540331.25,1773581.25,2648268.75,3056456.25,0.0001,0.563086666666667,0.563086666666667,0.563086666666667,0.563086666666667,0.563086666666667,0.559673333333333,0.5648,0.564793333333333
167,0,0,0,715887.5,871387.5,1026887.5,1182387.5,1765512.5,2037637.5,0.0001,0.561314285714286,0.561314285714286,0.561314285714286,0.561314285714286,0.561314285714286,0.557907142857143,0.563021428571429,0.563007142857143
168,0,0,0,715887.5,871387.5,1026887.5,1182387.5,1765512.5,2037637.5,0.0001,0.533633333333333,0.533633333333333,0.533633333333333,0.533633333333333,0.533633333333333,0.5304,0.535255555555555,0.535255555555555
169,0,0,0,1073831.25,1307081.25,1540331.25,1773581.25,2648268.75,3056456.25,0.0001,0.551209090909091,0.551209090909091,0.551209090909091,0.551209090909091,0.551209090909091,0.547872727272727,0.552890909090909,0.552872727272727
170,0,0,0,357943.75,435693.75,513443.75,591193.75,882756.25,1018818.75,0.0001,0.558992307692308,0.558992307692308,0.558992307692308,0.558992307692308,0.558992307692308,0.5556,0.5607,0.560676923076923
171,0,0,0,715887.5,871387.5,1026887.5,1182387.5,1765512.5,2037637.5,0.0001,0.563566666666667,0.563566666666667,0.563566666666667,0.563566666666667,0.563566666666667,0.560153333333333,0.56528,0.56528
172,0,0,0,1073831.25,1307081.25,1540331.25,1773581.25,2648268.75,3056456.25,0.0001,0.558769230769231,0.558769230769231,0.558769230769231,0.558769230769231,0.558769230769231,0.555384615384615,0.560476923076923,0.560461538461538
173,0,0,0,357943.75,435693.75,513443.75,591193.75,882756.25,1018818.75,0.0001,0.5332,0.5332,0.5332,0.5332,0.5332,0.529955555555556,0.534811111111111,0.5348
174,0,0,0,1073831.25,1307081.25,1540331.25,1773581.25,2648268.75,3056456.25,0.0001,0.5336,0.5336,0.5336,0.5336,0.5336,0.530366666666667,0.535222222222222,0.535222222222222
175,0,0,0,357943.75,435693.75,513443.75,591193.75,882756.25,1018818.75,0.0001,0.548827272727273,0.548827272727273,0.548827272727273,0.548827272727273,0.548827272727273,0.5455,0.5505,0.550481818181818
176,0,0,0,1073831.25,1307081.25,1540331.25,1773581.25,2648268.75,3056456.25,0.0001,0.522975,0.522975,0.522975,0.522975,0.522975,0.5197875,0.52455,0.52455
177,0,0,0,715887.5,871387.5,1026887.5,1182387.5,1765512.5,2037637.5,0.0001,0.556333333333333,0.556333333333333,0.556333333333333,0.556333333333333,0.556333333333333,0.55295,0.558016666666667,0.558008333333333
178,0,0,0,1073831.25,1307081.25,1540331.25,1773581.25,2648268.75,3056456.25,0.0001,0.548018181818182,0.548018181818182,0.548018181818182,0.548018181818182,0.548018181818182,0.544709090909091,0.549690909090909,0.549681818181818
179,0,0,0,357943.75,435693.75,513443.75,591193.75,882756.25,1018818.75,0.0001,0.561971428571429,0.561971428571429,0.561971428571429,0.561971428571429,0.561971428571429,0.558557142857143,0.563671428571429,0.563671428571429
180,0,0,0,357943.75,435693.75,513443.75,591193.75,882756.25,1018818.75,0.0001,0.500828571428571,0.500828571428571,0.500828571428571,0.500828571428571,0.500828571428571,0.497785714285714,0.502342857142857,0.502328571428571
181,0,0,0,357943.75,435693.75,513443.75,591193.75,882756.25,1018818.75,0.0001,0.561564285714286,0.561564285714286,0.561564285714286,0.561564285714286,0.561564285714286,0.55815,0.563264285714286,0.563257142857143
182,0,0,0,357943.75,435693.75,513443.75,591193.75,882756.25,1018818.75,0.0001,0.500385714285714,0.500385714285714,0.500385714285714,0.500385714285714,0.500385714285714,0.497357142857143,0.5019,0.501885714285714
183,0,0,0,1073831.25,1307081.25,1540331.25,1773581.25,2648268.75,3056456.25,0.0001,0.564306666666667,0.564306666666667,0.564306666666667,0.564306666666667,0.564306666666667,0.560886666666667,0.566026666666667,0.566013333333333
184,0,0,0,1073831.25,1307081.25,1540331.25,1773581.25,2648268.75,3056456.25,0.0001,0.531988888888889,0.531988888888889,0.531988888888889,0.531988888888889,0.531988888888889,0.528755555555556,0.5336,0.5336
185,0,0,0,1073831.25,1307081.25,1540331.25,1773581.25,2648268.75,3056456.25,0.0001,0.533855555555556,0.533855555555556,0.533855555555556,0.533855555555556,0.533855555555556,0.530633333333333,0.535488888888889,0.535466666666667
186,0,0,0,357943.75,435693.75,513443.75,591193.75,882756.25,1018818.75,0.0001,0.551190909090909,0.551190909090909,0.551190909090909,0.551190909090909,0.551190909090909,0.547845454545455,0.552863636363636,0.552863636363636
187,0,0,0,357943.75,435693.75,513443.75,591193.75,882756.25,1018818.75,0.0001,0.5581,0.5581,0.5581,0.5581,0.5581,0.554707692307692,0.559792307692308,0.559784615384615
188,0,0,0,715887.5,871387.5,1026887.5,1182387.5,1765512.5,2037637.5,0.0001,0.554608333333333,0.554608333333333,0.554608333333333,0.554608333333333,0.554608333333333,0.55125,0.5563,0.556291666666667
189,0,0,0,715887.5,871387.5,1026887.5,1182387.5,1765512.5,2037637.5,0.0001,0.503514285714286,0.503514285714286,0.503514285714286,0.503514285714286,0.503514285714286,0.500471428571429,0.505042857142857,0.505042857142857
190,0,0,0,715887.5,871387.5,1026887.5,1182387.5,1765512.5,2037637.5,0.0001,0.54382,0.54382,0.54382,0.54382,0.54382,0.54052,0.54548,0.54547
191,0,0,0,357943.75,435693.75,513443.75,591193.75,882756.25,1018818.75,0.0001,0.558753846153846,0.558753846153846,0.558753846153846,0.558753846153846,0.558753846153846,0.555361538461538,0.560453846153846,0.560438461538462
192,0,0,0,1073831.25,1307081.25,1540331.25,1773581.25,2648268.75,3056456.25,0.0001,0.5191375,0.5191375,0.5191375,0.5191375,0.5191375,0.5160125,0.520725,0.520725
193,0,0,0,1073831.25,1307081.25,1540331.25,1773581.25,2648268.75,3056456.25,0.0001,0.56504,0.56504,0.56504,0.56504,0.56504,0.561613333333333,0.566753333333333,0.566753333333333
194,0,0,0,715887.5,871387.5,1026887.5,1182387.5,1765512.5,2037637.5,0.0001,0.550618181818182,0.550618181818182,0.550618181818182,0.550618181818182,0.550618181818182,0.547272727272727,0.552290909090909,0.552272727272727
195,0,0,0,357943.75,435693.75,513443.75,591193.75,882756.25,1018818.75,0.0001,0.560246153846154,0.560246153846154,0.560246153846154,0.560246153846154,0.560246153846154,0.556846153846154,0.561946153846154,0.561930769230769
196,0,0,0,715887.5,871387.5,1026887.5,1182387.5,1765512.5,2037637.5,0.0001,0.551754545454545,0.551754545454545,0.551754545454545,0.551754545454545,0.551754545454545,0.548418181818182,0.553436363636364,0.553427272727273
197,0,0,0,1073831.25,1307081.25,1540331.25,1773581.25,2648268.75,3056456.25,0.0001,0.55425,0.55425,0.55425,0.55425,0.55425,0.550883333333333,0.555933333333333,0.555925
198,0,0,0,357943.75,435693.75,513443.75,591193.75,882756.25,1018818.75,0.0001,0.54221,0.54221,0.54221,0.54221,0.54221,0.53892,0.54385,0.54385
199,0,0,0,357943.75,435693.75,513443.75,591193.75,882756.25,1018818.75,0.0001,0.503314285714286,0.503314285714286,0.503314285714286,0.503314285714286,0.503314285714286,0.500257142857143,0.504828571428571,0.504828571428571
200,0,0,0,1073831.25,1307081.25,1540331.25,1773581.25,2648268.75,3056456.25,0.0001,0.562378571428572,0.562378571428572,0.562378571428572,0.562378571428572,0.562378571428572,0.558957142857143,0.564078571428571,0.564078571428571
201,0,0,0,357943.75,435693.75,513443.75,591193.75,882756.25,1018818.75,0.0001,0.54384,0.54384,0.54384,0.54384,0.54384,0.54054,0.5455,0.54548
202,0,0,0,1073831.25,1307081.25,1540331.25,1773581.25,2648268.75,3056456.25,0.0001,0.537433333333333,0.537433333333333,0.537433333333333,0.537433333333333,0.537433333333333,0.534166666666667,0.539066666666667,0.539044444444444
203,0,0,0,357943.75,435693.75,513443.75,591193.75,882756.25,1018818.75,0.0001,0.563526666666667,0.563526666666667,0.563526666666667,0.563526666666667,0.563526666666667,0.5601,0.565233333333333,0.565226666666667
204,0,0,0,715887.5,871387.5,1026887.5,1182387.5,1765512.5,2037637.5,0.0001,0.549936363636364,0.549936363636364,0.549936363636364,0.549936363636364,0.549936363636364,0.546590909090909,0.5516,0.551590909090909
205,0,0,0,715887.5,871387.5,1026887.5,1182387.5,1765512.5,2037637.5,0.0001,0.560678571428571,0.560678571428571,0.560678571428571,0.560678571428571,0.560678571428571,0.557278571428571,0.562385714285714,0.562378571428571
206,0,0,0,715887.5,871387.5,1026887.5,1182387.5,1765512.5,2037637.5,0.0001,0.550036363636364,0.550036363636364,0.550036363636364,0.550036363636364,0.550036363636364,0.5467,0.551709090909091,0.551709090909091
207,0,0,0,715887.5,871387.5,1026887.5,1182387.5,1765512.5,2037637.5,0.0001,0.5368,0.5368,0.5368,0.5368,0.5368,0.533544444444444,0.538422222222222,0.538422222222222
208,0,0,0,357943.75,435693.75,513443.75,591193.75,882756.25,1018818.75,0.0001,0.5208875,0.5208875,0.5208875,0.5208875,0.5208875,0.517725,0.5224625,0.52245
209,0,0,0,357943.75,435693.75,513443.75,591193.75,882756.25,1018818.75,0.0001,0.561114285714286,0.561114285714286,0.561114285714286,0.561114285714286,0.561114285714286,0.557707142857143,0.562821428571429,0.562807142857143
210,0,0,0,715887.5,871387.5,1026887.5,1182387.5,1765512.5,2037637.5,0.0001,0.54019,0.54019,0.54019,0.54019,0.54019,0.53692,0.54184,0.54182
211,0,0,0,357943.75,435693.75,513443.75,591193.75,882756.25,1018818.75,0.0001,0.54186,0.54186,0.54186,0.54186,0.54186,0.53858,0.54351,0.5435
212,0,0,0,715887.5,871387.5,1026887.5,1182387.5,1765512.5,2037637.5,0.0001,0.5240125,0.5240125,0.5240125,0.5240125,0.5240125,0.520825,0.5256,0.525575
213,0,0,0,1073831.25,1307081.25,1540331.25,1773581.25,2648268.75,3056456.25,0.0001,0.503471428571429,0.503471428571429,0.503471428571429,0.503471428571429,0.503471428571429,0.500428571428571,0.505,0.505
214,0,0,0,715887.5,871387.5,1026887.5,1182387.5,1765512.5,2037637.5,0.0001,0.553808333333333,0.553808333333333,0.553808333333333,0.553808333333333,0.553808333333333,0.55045,0.5555,0.555475
215,0,0,0,357943.75,435693.75,513443.75,591193.75,882756.25,1018818.75,0.0001,0.532355555555556,0.532355555555556,0.532355555555556,0.532355555555556,0.532355555555556,0.529122222222222,0.533966666666667,0.533955555555556
216,0,0,0,715887.5,871387.5,1026887.5,1182387.5,1765512.5,2037637.5,0.0001,0.562621428571429,0.562621428571429,0.562621428571429,0.562621428571429,0.562621428571429,0.5592,0.564328571428571,0.564321428571429
217,0,0,0,357943.75,435693.75,513443.75,591193.75,882756.25,1018818.75,0.0001,0.5481,0.5481,0.5481,0.5481,0.5481,0.544772727272727,0.549763636363636,0.549745454545455
218,0,0,0,715887.5,871387.5,1026887.5,1182387.5,1765512.5,2037637.5,0.0001,0.549518181818182,0.549518181818182,0.549518181818182,0.549518181818182,0.549518181818182,0.546190909090909,0.551190909090909,0.551190909090909
219,0,0,0,1073831.25,1307081.25,1540331.25,1773581.25,2648268.75,3056456.25,0.0001,0.561778571428571,0.561778571428571,0.561778571428571,0.561778571428571,0.561778571428571,0.558364285714286,0.563485714285714,0.563478571428571
220,0,0,0,357943.75,435693.75,513443.75,591193.75,882756.25,1018818.75,0.0001,0.562835714285714,0.562835714285714,0.562835714285714,0.562835714285714,0.562835714285714,0.559414285714286,0.564535714285714,0.564528571428571
221,0,0,0,715887.5,871387.5,1026887.5,1182387.5,1765512.5,2037637.5,0.0001,0.565033333333333,0.565033333333333,0.565033333333333,0.565033333333333,0.565033333333333,0.5616,0.566753333333333,0.566733333333333
222,0,0,0,1073831.25,1307081.25,1540331.25,1773581.25,2648268.75,3056456.25,0.0001,0.552118181818182,0.552118181818182,0.552118181818182,0.552118181818182,0.552118181818182,0.548772727272727,0.553790909090909,0.553790909090909
223,0,0,0,1073831.25,1307081.25,1540331.25,1773581.25,2648268.75,3056456.25,0.0001,0.54372,0.54372,0.54372,0.54372,0.54372,0.54043,0.54539,0.54536
224,0,0,0,715887.5,871387.5,1026887.5,1182387.5,1765512.5,2037637.5,0.0001,0.502057142857143,0.502057142857143,0.502057142857143,0.502057142857143,0.502057142857143,0.499014285714286,0.503571428571429,0.503557142857143
225,0,0,0,1073831.25,1307081.25,1540331.25,1773581.25,2648268.75,3056456.25,0.0001,0.5177875,0.5177875,0.5177875,0.5177875,0.5177875,0.5146625,0.519375,0.51935
226,0,0,0,357943.75,435693.75,513443.75,591193.75,882756.25,1018818.75,0.0001,0.5256375,0.5256375,0.5256375,0.5256375,0.5256375,0.5224375,0.527225,0.5272125
227,0,0,0,715887.5,871387.5,1026887.5,1182387.5,1765512.5,2037637.5,0.0001,0.558676923076923,0.558676923076923,0.558676923076923,0.558676923076923,0.558676923076923,0.555292307692308,0.560376923076923,0.560369230769231
228,0,0,0,1073831.25,1307081.25,1540331.25,1773581.25,2648268.75,3056456.25,0.0001,0.532355555555556,0.532355555555556,0.532355555555556,0.532355555555556,0.532355555555556,0.529122222222222,0.533955555555556,0.533955555555556
229,0,0,0,1073831.25,1307081.25,1540331.25,1773581.25,2648268.75,3056456.25,0.0001,0.535955555555556,0.535955555555556,0.535955555555556,0.535955555555556,0.535955555555556,0.5327,0.537588888888889,0.537577777777778
230,0,0,0,1073831.25,1307081.25,1540331.25,1773581.25,2648268.75,3056456.25,0.0001,0.564973333333333,0.564973333333333,0.564973333333333,0.564973333333333,0.564973333333333,0.56154,0.566693333333333,0.56668
231,0,0,0,715887.5,871387.5,1026887.5,1182387.5,1765512.5,2037637.5,0.0001,0.5423,0.5423,0.5423,0.5423,0.5423,0.53901,0.54394,0.54394
232,0,0,0,715887.5,871387.5,1026887.5,1182387.5,1765512.5,2037637.5,0.0001,0.551572727272727,0.551572727272727,0.551572727272727,0.551572727272727,0.551572727272727,0.548236363636364,0.553263636363636,0.553236363636364
233,0,0,0,715887.5,871387.5,1026887.5,1182387.5,1765512.5,2037637.5,0.0001,0.547409090909091,0.547409090909091,0.547409090909091,0.547409090909091,0.547409090909091,0.544090909090909,0.549081818181818,0.549054545454545
234,0,0,0,715887.5,871387.5,1026887.5,1182387.5,1765512.5,2037637.5,0.0001,0.561671428571429,0.561671428571429,0.561671428571429,0.561671428571429,0.561671428571429,0.558257142857143,0.563378571428571,0.563364285714286
235,0,0,0,715887.5,871387.5,1026887.5,1182387.5,1765512.5,2037637.5,0.0001,0.4983,0.4983,0.4983,0.4983,0.4983,0.495285714285714,0.499828571428571,0.4998
236,0,0,0,715887.5,871387.5,1026887.5,1182387.5,1765512.5,2037637.5,0.0001,0.554458333333333,0.554458333333333,0.554458333333333,0.554458333333333,0.554458333333333,0.5511,0.55615,0.556133333333333
237,0,0,0,1073831.25,1307081.25,1540331.25,1773581.25,2648268.75,3056456.25,0.0001,0.5209375,0.5209375,0.5209375,0.5209375,0.5209375,0.517775,0.522525,0.5225
238,0,0,0,715887.5,871387.5,1026887.5,1182387.5,1765512.5,2037637.5,0.0001,0.533444444444444,0.533444444444444,0.533444444444444,0.533444444444444,0.533444444444444,0.530211111111111,0.535055555555556,0.535055555555556
239,0,0,0,715887.5,871387.5,1026887.5,1182387.5,1765512.5,2037637.5,0.0001,0.565133333333333,0.565133333333333,0.565133333333333,0.565133333333333,0.565133333333333,0.561706666666667,0.566853333333333,0.566846666666667
240,0,0,0,715887.5,871387.5,1026887.5,1182387.5,1765512.5,2037637.5,0.0001,0.559630769230769,0.559630769230769,0.559630769230769,0.559630769230769,0.559630769230769,0.556238461538462,0.561338461538462,0.561323076923077
241,0,0,0,357943.75,435693.75,513443.75,591193.75,882756.25,1018818.75,0.0001,0.4959,0.4959,0.4959,0.4959,0.4959,0.492885714285714,0.497414285714286,0.497385714285714
242,0,0,0,357943.75,435693.75,513443.75,591193.75,882756.25,1018818.75,0.0001,0.5631,0.5631,0.5631,0.5631,0.5631,0.55968,0.564813333333333,0.5648
243,0,0,0,715887.5,871387.5,1026887.5,1182387.5,1765512.5,2037637.5,0.0001,0.555808333333333,0.555808333333333,0.555808333333333,0.555808333333333,0.555808333333333,0.552441666666667,0.5575,0.557483333333333
244,0,0,0,357943.75,435693.75,513443.75,591193.75,882756.25,1018818.75,0.0001,0.499585714285714,0.499585714285714,0.499585714285714,0.499585714285714,0.499585714285714,0.496571428571429,0.5011,0.5011
245,0,0,0,357943.75,435693.75,513443.75,591193.75,882756.25,1018818.75,0.0001,0.4973,0.4973,0.4973,0.4973,0.4973,0.494285714285714,0.4988,0.498785714285714
246,0,0,0,715887.5,871387.5,1026887.5,1182387.5,1765512.5,2037637.5,0.0001,0.558353846153846,0.558353846153846,0.558353846153846,0.558353846153846,0.558353846153846,0.554969230769231,0.560053846153846,0.560046153846154
247,0,0,0,715887.5,871387.5,1026887.5,1182387.5,1765512.5,2037637.5,0.0001,0.502057142857143,0.502057142857143,0.502057142857143,0.502057142857143,0.502057142857143,0.499014285714286,0.503585714285714,0.503585714285714
248,0,0,0,357943.75,435693.75,513443.75,591193.75,882756.25,1018818.75,0.0001,0.5199375,0.5199375,0.5199375,0.5199375,0.5199375,0.5167875,0.521525,0.5215
249,0,0,0,715887.5,871387.5,1026887.5,1182387.5,1765512.5,2037637.5,0.0001,0.554825,0.554825,0.554825,0.554825,0.554825,0.551458333333333,0.556508333333333,0.5565
250,0,0,0,715887.5,871387.5,1026887.5,1182387.5,1765512.5,2037637.5,0.0001,0.564533333333333,0.564533333333333,0.564533333333333,0.564533333333333,0.564533333333333,0.561113333333333,0.566253333333333,0.56624
251,0,0,0,715887.5,871387.5,1026887.5,1182387.5,1765512.5,2037637.5,0.0001,0.5308,0.5308,0.5308,0.5308,0.5308,0.527588888888889,0.532411111111111,0.5324
252,0,0,0,715887.5,871387.5,1026887.5,1182387.5,1765512.5,2037637.5,0.0001,0.556116666666667,0.556116666666667,0.556116666666667,0.556116666666667,0.556116666666667,0.552733333333333,0.557808333333333,0.557783333333333
253,0,0,0,357943.75,435693.75,513443.75,591193.75,882756.25,1018818.75,0.0001,0.559784615384615,0.559784615384615,0.559784615384615,0.559784615384615,0.559784615384615,0.556392307692308,0.561492307692308,0.561476923076923
254,0,0,0,715887.5,871387.5,1026887.5,1182387.5,1765512.5,2037637.5,0.0001,0.553166666666667,0.553166666666667,0.553166666666667,0.553166666666667,0.553166666666667,0.549808333333333,0.55485,0.554841666666667
255,0,0,0,715887.5,871387.5,1026887.5,1182387.5,1765512.5,2037637.5,0.0001,0.5496,0.5496,0.5496,0.5496,0.5496,0.546263636363636,0.551272727272727,0.551263636363636
256,0,0,0,1073831.25,1307081.25,1540331.25,1773581.25,2648268.75,3056456.25,0.0001,0.555283333333333,0.555283333333333,0.555283333333333,0.555283333333333,0.555283333333333,0.551916666666667,0.556975,0.556966666666667
257,0,0,0,357943.75,435693.75,513443.75,591193.75,882756.25,1018818.75,0.0001,0.548409090909091,0.548409090909091,0.548409090909091,0.548409090909091,0.548409090909091,0.545081818181818,0.550072727272727,0.550063636363636
258,0,0,0,357943.75,435693.75,513443.75,591193.75,882756.25,1018818.75,0.0001,0.54008,0.54008,0.54008,0.54008,0.54008,0.5368,0.54172,0.54171
259,0,0,0,357943.75,435693.75,513443.75,591193.75,882756.25,1018818.75,0.0001,0.558253846153846,0.558253846153846,0.558253846153846,0.558253846153846,0.558253846153846,0.554869230769231,0.559953846153846,0.559953846153846
260,0,0,0,357943.75,435693.75,513443.75,591193.75,882756.25,1018818.75,0.0001,0.5004,0.5004,0.5004,0.5004,0.5004,0.497371428571429,0.501928571428571,0.501914285714286
261,0,0,0,1073831.25,1307081.25,1540331.25,1773581.25,2648268.75,3056456.25,0.0001,0.548990909090909,0.548990909090909,0.548990909090909,0.548990909090909,0.548990909090909,0.545663636363636,0.550663636363636,0.550654545454545
262,0,0,0,1073831.25,1307081.25,1540331.25,1773581.25,2648268.75,3056456.25,0.0001,0.5458,0.5458,0.5458,0.5458,0.5458,0.54249,0.54747,0.54745
263,0,0,0,1073831.25,1307081.25,1540331.25,1773581.25,2648268.75,3056456.25,0.0001,0.534977777777778,0.534977777777778,0.534977777777778,0.534977777777778,0.534977777777778,0.531733333333333,0.5366,0.536588888888889
264,0,0,0,715887.5,871387.5,1026887.5,1182387.5,1765512.5,2037637.5,0.0001,0.558169230769231,0.558169230769231,0.558169230769231,0.558169230769231,0.558169230769231,0.554784615384615,0.559861538461538,0.559861538461538
265,0,0,0,357943.75,435693.75,513443.75,591193.75,882756.25,1018818.75,0.0001,0.561692857142857,0.561692857142857,0.561692857142857,0.561692857142857,0.561692857142857,0.558278571428571,0.5634,0.563385714285714
266,0,0,0,715887.5,871387.5,1026887.5,1182387.5,1765512.5,2037637.5,0.0001,0.531622222222222,0.531622222222222,0.531622222222222,0.531622222222222,0.531622222222222,0.5284,0.533222222222222,0.533222222222222
267,0,0,0,357943.75,435693.75,513443.75,591193.75,882756.25,1018818.75,0.0001,0.561421428571429,0.561421428571429,0.561421428571429,0.561421428571429,0.561421428571429,0.558014285714286,0.563135714285714,0.563114285714286
268,0,0,0,715887.5,871387.5,1026887.5,1182387.5,1765512.5,2037637.5,0.0001,0.508671428571429,0.508671428571429,0.508671428571429,0.508671428571429,0.508671428571429,0.505571428571429,0.5102,0.510185714285714
269,0,0,0,357943.75,435693.75,513443.75,591193.75,882756.25,1018818.75,0.0001,0.557415384615385,0.557415384615385,0.557415384615385,0.557415384615385,0.557415384615385,0.554030769230769,0.559107692307692,0.5591
270,0,0,0,715887.5,871387.5,1026887.5,1182387.5,1765512.5,2037637.5,0.0001,0.522075,0.522075,0.522075,0.522075,0.522075,0.5189,0.5236625,0.52365
271,0,0,0,1073831.25,1307081.25,1540331.25,1773581.25,2648268.75,3056456.25,0.0001,0.533488888888889,0.533488888888889,0.533488888888889,0.533488888888889,0.533488888888889,0.530255555555556,0.5351,0.535088888888889
272,0,0,0,1073831.25,1307081.25,1540331.25,1773581.25,2648268.75,3056456.25,0.0001,0.498114285714286,0.498114285714286,0.498114285714286,0.498114285714286,0.498114285714286,0.4951,0.499614285714286,0.499614285714286
273,0,0,0,357943.75,435693.75,513443.75,591193.75,882756.25,1018818.75,0.0001,0.560964285714286,0.560964285714286,0.560964285714286,0.560964285714286,0.560964285714286,0.557564285714286,0.562678571428571,0.562664285714286
274,0,0,0,715887.5,871387.5,1026887.5,1182387.5,1765512.5,2037637.5,0.0001,0.51825,0.51825,0.51825,0.51825,0.51825,0.5151,0.5198125,0.5198125
275,0,0,0,357943.75,435693.75,513443.75,591193.75,882756.25,1018818.75,0.0001,0.5227125,0.5227125,0.5227125,0.5227125,0.5227125,0.51955,0.5243,0.5243
276,0,0,0,357943.75,435693.75,513443.75,591193.75,882756.25,1018818.75,0.0001,0.54331,0.54331,0.54331,0.54331,0.54331,0.54002,0.54496,0.54496
277,0,0,0,1073831.25,1307081.25,1540331.25,1773581.25,2648268.75,3056456.25,0.0001,0.52305,0.52305,0.52305,0.52305,0.52305,0.519875,0.524625,0.524625
278,0,0,0,715887.5,871387.5,1026887.5,1182387.5,1765512.5,2037637.5,0.0001,0.537177777777778,0.537177777777778,0.537177777777778,0.537177777777778,0.537177777777778,0.533922222222222,0.5388,0.5388
279,0,0,0,357943.75,435693.75,513443.75,591193.75,882756.25,1018818.75,0.0001,0.562578571428571,0.562578571428571,0.562578571428571,0.562578571428571,0.562578571428571,0.559164285714286,0.564292857142857,0.564278571428571
280,0,0,0,1073831.25,1307081.25,1540331.25,1773581.25,2648268.75,3056456.25,0.0001,0.564813333333333,0.564813333333333,0.564813333333333,0.564813333333333,0.564813333333333,0.56138,0.566526666666667,0.56652
281,0,0,0,1073831.25,1307081.25,1540331.25,1773581.25,2648268.75,3056456.25,0.0001,0.54027,0.54027,0.54027,0.54027,0.54027,0.537,0.54191,0.5419
282,0,0,0,1073831.25,1307081.25,1540331.25,1773581.25,2648268.75,3056456.25,0.0001,0.499028571428571,0.499028571428571,0.499028571428571,0.499028571428571,0.499028571428571,0.496014285714286,0.500557142857143,0.500542857142857
283,0,0,0,357943.75,435693.75,513443.75,591193.75,882756.25,1018818.75,0.0001,0.5159875,0.5159875,0.5159875,0.5159875,0.5159875,0.5128625,0.5175375,0.5175375
284,0,0,0,1073831.25,1307081.25,1540331.25,1773581.25,2648268.75,3056456.25,0.0001,0.548645454545455,0.548645454545455,0.548645454545455,0.548645454545455,0.548645454545455,0.545309090909091,0.550309090909091,0.550290909090909
285,0,0,0,1073831.25,1307081.25,1540331.25,1773581.25,2648268.75,3056456.25,0.0001,0.5258,0.5258,0.5258,0.5258,0.5258,0.5226125,0.5274,0.5273875
286,0,0,0,715887.5,871387.5,1026887.5,1182387.5,1765512.5,2037637.5,0.0001,0.506614285714286,0.506614285714286,0.506614285714286,0.506614285714286,0.506614285714286,0.503571428571429,0.508171428571428,0.508142857142857
287,0,0,0,357943.75,435693.75,513443.75,591193.75,882756.25,1018818.75,0.0001,0.561314285714286,0.561314285714286,0.561314285714286,0.561314285714286,0.561314285714286,0.557907142857143,0.563021428571429,0.563007142857143
288,0,0,0,715887.5,871387.5,1026887.5,1182387.5,1765512.5,2037637.5,0.0001,0.5244625,0.5244625,0.5244625,0.5244625,0.5244625,0.521275,0.52605,0.5260375
289,0,0,0,1073831.25,1307081.25,1540331.25,1773581.25,2648268.75,3056456.25,0.0001,0.547145454545455,0.547145454545455,0.547145454545455,0.547145454545455,0.547145454545455,0.543818181818182,0.5488,0.548790909090909
290,0,0,0,715887.5,871387.5,1026887.5,1182387.5,1765512.5,2037637.5,0.0001,0.536911111111111,0.536911111111111,0.536911111111111,0.536911111111111,0.536911111111111,0.533666666666667,0.538544444444444,0.538522222222222
291,0,0,0,715887.5,871387.5,1026887.5,1182387.5,1765512.5,2037637.5,0.0001,0.508542857142857,0.508542857142857,0.508542857142857,0.508542857142857,0.508542857142857,0.505457142857143,0.510085714285714,0.510071428571429
292,0,0,0,357943.75,435693.75,513443.75,591193.75,882756.25,1018818.75,0.0001,0.5063,0.5063,0.5063,0.5063,0.5063,0.503228571428571,0.507842857142857,0.507842857142857
293,0,0,0,715887.5,871387.5,1026887.5,1182387.5,1765512.5,2037637.5,0.0001,0.533522222222222,0.533522222222222,0.533522222222222,0.533522222222222,0.533522222222222,0.530277777777778,0.535133333333333,0.535122222222222
294,0,0,0,1073831.25,1307081.25,1540331.25,1773581.25,2648268.75,3056456.25,0.0001,0.560678571428571,0.560678571428571,0.560678571428571,0.560678571428571,0.560678571428571,0.557278571428571,0.562385714285714,0.562378571428571
295,0,0,0,1073831.25,1307081.25,1540331.25,1773581.25,2648268.75,3056456.25,0.0001,0.5007,0.5007,0.5007,0.5007,0.5007,0.497671428571429,0.502228571428571,0.502214285714286
296,0,0,0,1073831.25,1307081.25,1540331.25,1773581.25,2648268.75,3056456.25,0.0001,0.54062,0.54062,0.54062,0.54062,0.54062,0.53735,0.54227,0.54226
297,0,0,0,1073831.25,1307081.25,1540331.25,1773581.25,2648268.75,3056456.25,0.0001,0.54084,0.54084,0.54084,0.54084,0.54084,0.53756,0.54248,0.54248
298,0,0,0,715887.5,871387.5,1026887.5,1182387.5,1765512.5,2037637.5,0.0001,0.564106666666667,0.564106666666667,0.564106666666667,0.564106666666667,0.564106666666667,0.560673333333333,0.565813333333333,0.565806666666667
299,0,0,0,1073831.25,1307081.25,1540331.25,1773581.25,2648268.75,3056456.25,0.0001,0.5231125,0.5231125,0.5231125,0.5231125,0.5231125,0.5199375,0.5247,0.5246875
300,0,0,0,357943.75,435693.75,513443.75,591193.75,882756.25,1018818.75,0.0001,0.559461538461538,0.559461538461538,0.559461538461538,0.559461538461538,0.559461538461538,0.556061538461538,0.561161538461538,0.561153846153846
301,0,0,0,715887.5,871387.5,1026887.5,1182387.5,1765512.5,2037637.5,0.0001,0.502942857142857,0.502942857142857,0.502942857142857,0.502942857142857,0.502942857142857,0.4999,0.504471428571429,0.504457142857143
302,0,0,0,1073831.25,1307081.25,1540331.25,1773581.25,2648268.75,3056456.25,0.0001,0.54047,0.54047,0.54047,0.54047,0.54047,0.53719,0.54211,0.5421
303,0,0,0,715887.5,871387.5,1026887.5,1182387.5,1765512.5,2037637.5,0.0001,0.558846153846154,0.558846153846154,0.558846153846154,0.558846153846154,0.558846153846154,0.555453846153846,0.560538461538462,0.560530769230769
304,0,0,0,1073831.25,1307081.25,1540331.25,1773581.25,2648268.75,3056456.25,0.0001,0.532688888888889,0.532688888888889,0.532688888888889,0.532688888888889,0.532688888888889,0.529444444444444,0.534288888888889,0.534288888888889
305,0,0,0,715887.5,871387.5,1026887.5,1182387.5,1765512.5,2037637.5,0.0001,0.54024,0.54024,0.54024,0.54024,0.54024,0.53695,0.54187,0.54187
306,0,0,0,357943.75,435693.75,513443.75,591193.75,882756.25,1018818.75,0.0001,0.564593333333333,0.564593333333333,0.564593333333333,0.564593333333333,0.564593333333333,0.561173333333333,0.566313333333333,0.566306666666667
307,0,0,0,1073831.25,1307081.25,1540331.25,1773581.25,2648268.75,3056456.25,0.0001,0.529655555555556,0.529655555555556,0.529655555555556,0.529655555555556,0.529655555555556,0.526455555555556,0.531277777777778,0.531255555555555
308,0,0,0,357943.75,435693.75,513443.75,591193.75,882756.25,1018818.75,0.0001,0.556566666666667,0.556566666666667,0.556566666666667,0.556566666666667,0.556566666666667,0.553191666666667,0.558258333333333,0.55825
309,0,0,0,715887.5,871387.5,1026887.5,1182387.5,1765512.5,2037637.5,0.0001,0.5039,0.5039,0.5039,0.5039,0.5039,0.500857142857143,0.505442857142857,0.505428571428571
310,0,0,0,715887.5,871387.5,1026887.5,1182387.5,1765512.5,2037637.5,0.0001,0.5174875,0.5174875,0.5174875,0.5174875,0.5174875,0.51435,0.5190375,0.5190375
311,0,0,0,357943.75,435693.75,513443.75,591193.75,882756.25,1018818.75,0.0001,0.552816666666667,0.552816666666667,0.552816666666667,0.552816666666667,0.552816666666667,0.549458333333333,0.554491666666667,0.554483333333333
312,0,0,0,357943.75,435693.75,513443.75,591193.75,882756.25,1018818.75,0.0001,0.557915384615385,0.557915384615385,0.557915384615385,0.557915384615385,0.557915384615385,0.554530769230769,0.559615384615385,0.5596
313,0,0,0,715887.5,871387.5,1026887.5,1182387.5,1765512.5,2037637.5,0.0001,0.561178571428571,0.561178571428571,0.561178571428571,0.561178571428571,0.561178571428571,0.557778571428571,0.562892857142857,0.562878571428571
314,0,0,0,715887.5,871387.5,1026887.5,1182387.5,1765512.5,2037637.5,0.0001,0.560871428571429,0.560871428571429,0.560871428571429,0.560871428571429,0.560871428571429,0.557478571428571,0.562578571428571,0.562578571428571
315,0,0,0,357943.75,435693.75,513443.75,591193.75,882756.25,1018818.75,0.0001,0.5429,0.5429,0.5429,0.5429,0.5429,0.53961,0.54455,0.54454
316,0,0,0,715887.5,871387.5,1026887.5,1182387.5,1765512.5,2037637.5,0.0001,0.561178571428571,0.561178571428571,0.561178571428571,0.561178571428571,0.561178571428571,0.557771428571429,0.562878571428571,0.562871428571429
317,0,0,0,1073831.25,1307081.25,1540331.25,1773581.25,2648268.75,3056456.25,0.0001,0.5178625,0.5178625,0.5178625,0.5178625,0.5178625,0.5147375,0.51945,0.5194375
318,0,0,0,357943.75,435693.75,513443.75,591193.75,882756.25,1018818.75,0.0001,0.549209090909091,0.549209090909091,0.549209090909091,0.549209090909091,0.549209090909091,0.545872727272727,0.550881818181818,0.550863636363636
319,0,0,0,715887.5,871387.5,1026887.5,1182387.5,1765512.5,2037637.5,0.0001,0.534433333333333,0.534433333333333,0.534433333333333,0.534433333333333,0.534433333333333,0.531211111111111,0.536066666666667,0.536055555555556
320,0,0,0,357943.75,435693.75,513443.75,591193.75,882756.25,1018818.75,0.0001,0.54378,0.54378,0.54378,0.54378,0.54378,0.54048,0.54542,0.54542
321,0,0,0,715887.5,871387.5,1026887.5,1182387.5,1765512.5,2037637.5,0.0001,0.56305,0.56305,0.56305,0.56305,0.56305,0.559628571428571,0.564764285714286,0.56475
322,0,0,0,357943.75,435693.75,513443.75,591193.75,882756.25,1018818.75,0.0001,0.54008,0.54008,0.54008,0.54008,0.54008,0.5368,0.54172,0.54171
323,0,0,0,715887.5,871387.5,1026887.5,1182387.5,1765512.5,2037637.5,0.0001,0.562442857142857,0.562442857142857,0.562442857142857,0.562442857142857,0.562442857142857,0.559028571428571,0.56415,0.564142857142857
324,0,0,0,357943.75,435693.75,513443.75,591193.75,882756.25,1018818.75,0.0001,0.565213333333333,0.565213333333333,0.565213333333333,0.565213333333333,0.565213333333333,0.56178,0.566926666666667,0.566926666666667
325,0,0,0,357943.75,435693.75,513443.75,591193.75,882756.25,1018818.75,0.0001,0.5201875,0.5201875,0.5201875,0.5201875,0.5201875,0.517025,0.521775,0.52175
326,0,0,0,715887.5,871387.5,1026887.5,1182387.5,1765512.5,2037637.5,0.0001,0.499828571428571,0.499828571428571,0.499828571428571,0.499828571428571,0.499828571428571,0.496785714285714,0.501357142857143,0.501328571428571
327,0,0,0,715887.5,871387.5,1026887.5,1182387.5,1765512.5,2037637.5,0.0001,0.5238375,0.5238375,0.5238375,0.5238375,0.5238375,0.5206625,0.525425,0.525425
328,0,0,0,1073831.25,1307081.25,1540331.25,1773581.25,2648268.75,3056456.25,0.0001,0.530222222222222,0.530222222222222,0.530222222222222,0.530222222222222,0.530222222222222,0.527,0.531822222222222,0.531822222222222
329,0,0,0,1073831.25,1307081.25,1540331.25,1773581.25,2648268.75,3056456.25,0.0001,0.558453846153846,0.558453846153846,0.558453846153846,0.558453846153846,0.558453846153846,0.555069230769231,0.560146153846154,0.560146153846154
330,0,0,0,357943.75,435693.75,513443.75,591193.75,882756.25,1018818.75,0.0001,0.562814285714286,0.562814285714286,0.562814285714286,0.562814285714286,0.562814285714286,0.559392857142857,0.564514285714286,0.564507142857143
331,0,0,0,357943.75,435693.75,513443.75,591193.75,882756.25,1018818.75,0.0001,0.552941666666667,0.552941666666667,0.552941666666667,0.552941666666667,0.552941666666667,0.549591666666667,0.554625,0.554616666666667
332,0,0,0,1073831.25,1307081.25,1540331.25,1773581.25,2648268.75,3056456.25,0.0001,0.563064285714286,0.563064285714286,0.563064285714286,0.563064285714286,0.563064285714286,0.55965,0.564771428571429,0.564764285714286
333,0,0,0,357943.75,435693.75,513443.75,591193.75,882756.25,1018818.75,0.0001,0.555783333333333,0.555783333333333,0.555783333333333,0.555783333333333,0.555783333333333,0.552416666666667,0.557475,0.557475
334,0,0,0,1073831.25,1307081.25,1540331.25,1773581.25,2648268.75,3056456.25,0.0001,0.547209090909091,0.547209090909091,0.547209090909091,0.547209090909091,0.547209090909091,0.543890909090909,0.548872727272727,0.548863636363636
335,0,0,0,715887.5,871387.5,1026887.5,1182387.5,1765512.5,2037637.5,0.0001,0.560361538461538,0.560361538461538,0.560361538461538,0.560361538461538,0.560361538461538,0.556961538461538,0.562069230769231,0.562053846153846
336,0,0,0,715887.5,871387.5,1026887.5,1182387.5,1765512.5,2037637.5,0.0001,0.563021428571429,0.563021428571429,0.563021428571429,0.563021428571429,0.563021428571429,0.559607142857143,0.564728571428571,0.564721428571429
337,0,0,0,715887.5,871387.5,1026887.5,1182387.5,1765512.5,2037637.5,0.0001,0.565093333333333,0.565093333333333,0.565093333333333,0.565093333333333,0.565093333333333,0.56166,0.566806666666667,0.5668
338,0,0,0,1073831.25,1307081.25,1540331.25,1773581.25,2648268.75,3056456.25,0.0001,0.534455555555556,0.534455555555556,0.534455555555556,0.534455555555556,0.534455555555556,0.531211111111111,0.536066666666667,0.536055555555556
339,0,0,0,715887.5,871387.5,1026887.5,1182387.5,1765512.5,2037637.5,0.0001,0.565226666666667,0.565226666666667,0.565226666666667,0.565226666666667,0.565226666666667,0.5618,0.566946666666667,0.566933333333333
340,0,0,0,1073831.25,1307081.25,1540331.25,1773581.25,2648268.75,3056456.25,0.0001,0.51855,0.51855,0.51855,0.51855,0.51855,0.5154,0.5201125,0.5201
341,0,0,0,1073831.25,1307081.25,1540331.25,1773581.25,2648268.75,3056456.25,0.0001,0.535988888888889,0.535988888888889,0.535988888888889,0.535988888888889,0.535988888888889,0.532733333333333,0.537622222222222,0.5376
342,0,0,0,357943.75,435693.75,513443.75,591193.75,882756.25,1018818.75,0.0001,0.551627272727273,0.551627272727273,0.551627272727273,0.551627272727273,0.551627272727273,0.548281818181818,0.553309090909091,0.553290909090909
343,0,0,0,357943.75,435693.75,513443.75,591193.75,882756.25,1018818.75,0.0001,0.522825,0.522825,0.522825,0.522825,0.522825,0.5196625,0.5244125,0.5244
344,0,0,0,1073831.25,1307081.25,1540331.25,1773581.25,2648268.75,3056456.25,0.0001,0.553566666666667,0.553566666666667,0.553566666666667,0.553566666666667,0.553566666666667,0.550208333333333,0.555241666666667,0.555241666666667
345,0,0,0,715887.5,871387.5,1026887.5,1182387.5,1765512.5,2037637.5,0.0001,0.547254545454545,0.547254545454545,0.547254545454545,0.547254545454545,0.547254545454545,0.543927272727273,0.548918181818182,0.5489
346,0,0,0,715887.5,871387.5,1026887.5,1182387.5,1765512.5,2037637.5,0.0001,0.549309090909091,0.549309090909091,0.549309090909091,0.549309090909091,0.549309090909091,0.545981818181818,0.550972727272727,0.550972727272727
347,0,0,0,715887.5,871387.5,1026887.5,1182387.5,1765512.5,2037637.5,0.0001,0.563264285714286,0.563264285714286,0.563264285714286,0.563264285714286,0.563264285714286,0.559842857142857,0.564978571428571,0.564964285714286
348,0,0,0,715887.5,871387.5,1026887.5,1182387.5,1765512.5,2037637.5,0.0001,0.56342,0.56342,0.56342,0.56342,0.56342,0.560006666666667,0.565126666666667,0.565126666666667
349,0,0,0,1073831.25,1307081.25,1540331.25,1773581.25,2648268.75,3056456.25,0.0001,0.522825,0.522825,0.522825,0.522825,0.522825,0.5196375,0.5244125,0.5244
350,0,0,0,357943.75,435693.75,513443.75,591193.75,882756.25,1018818.75,0.0001,0.563466666666667,0.563466666666667,0.563466666666667,0.563466666666667,0.563466666666667,0.560053333333333,0.565186666666667,0.56518
351,0,0,0,357943.75,435693.75,513443.75,591193.75,882756.25,1018818.75,0.0001,0.560069230769231,0.560069230769231,0.560069230769231,0.560069230769231,0.560069230769231,0.556669230769231,0.561769230769231,0.561761538461538
352,0,0,0,1073831.25,1307081.25,1540331.25,1773581.25,2648268.75,3056456.25,0.0001,0.564266666666667,0.564266666666667,0.564266666666667,0.564266666666667,0.564266666666667,0.56084,0.565986666666667,0.565966666666667
353,0,0,0,1073831.25,1307081.25,1540331.25,1773581.25,2648268.75,3056456.25,0.0001,0.562,0.562,0.562,0.562,0.562,0.558592857142857,0.563714285714286,0.5637
354,0,0,0,715887.5,871387.5,1026887.5,1182387.5,1765512.5,2037637.5,0.0001,0.502414285714286,0.502414285714286,0.502414285714286,0.502414285714286,0.502414285714286,0.499371428571429,0.503942857142857,0.503914285714286
355,0,0,0,715887.5,871387.5,1026887.5,1182387.5,1765512.5,2037637.5,0.0001,0.564473333333333,0.564473333333333,0.564473333333333,0.564473333333333,0.564473333333333,0.561053333333333,0.566193333333333,0.56618
356,0,0,0,715887.5,871387.5,1026887.5,1182387.5,1765512.5,2037637.5,0.0001,0.54237,0.54237,0.54237,0.54237,0.54237,0.53909,0.54403,0.544
357,0,0,0,715887.5,871387.5,1026887.5,1182387.5,1765512.5,2037637.5,0.0001,0.550754545454545,0.550754545454545,0.550754545454545,0.550754545454545,0.550754545454545,0.547418181818182,0.552418181818182,0.552418181818182
358,0,0,0,1073831.25,1307081.25,1540331.25,1773581.25,2648268.75,3056456.25,0.0001,0.564426666666667,0.564426666666667,0.564426666666667,0.564426666666667,0.564426666666667,0.561006666666667,0.566146666666667,0.566133333333333
359,0,0,0,715887.5,871387.5,1026887.5,1182387.5,1765512.5,2037637.5,0.0001,0.563586666666667,0.563586666666667,0.563586666666667,0.563586666666667,0.563586666666667,0.560153333333333,0.565293333333333,0.56528
360,0,0,0,1073831.25,1307081.25,1540331.25,1773581.25,2648268.75,3056456.25,0.0001,0.499,0.499,0.499,0.499,0.499,0.495971428571429,0.500514285714286,0.5005
361,0,0,0,1073831.25,1307081.25,1540331.25,1773581.25,2648268.75,3056456.25,0.0001,0.5175375,0.5175375,0.5175375,0.5175375,0.5175375,0.5144,0.5191125,0.5191125
362,0,0,0,715887.5,871387.5,1026887.5,1182387.5,1765512.5,2037637.5,0.0001,0.5625,0.5625,0.5625,0.5625,0.5625,0.559085714285714,0.564207142857143,0.5642
363,0,0,0,715887.5,871387.5,1026887.5,1182387.5,1765512.5,2037637.5,0.0001,0.531966666666667,0.531966666666667,0.531966666666667,0.531966666666667,0.531966666666667,0.528744444444444,0.533588888888889,0.533577777777778
364,0,0,0,715887.5,871387.5,1026887.5,1182387.5,1765512.5,2037637.5,0.0001,0.531355555555556,0.531355555555556,0.531355555555556,0.531355555555556,0.531355555555556,0.528133333333333,0.532977777777778,0.532955555555556
365,0,0,0,1073831.25,1307081.25,1540331.25,1773581.25,2648268.75,3056456.25,0.0001,0.550063636363636,0.550063636363636,0.550063636363636,0.550063636363636,0.550063636363636,0.546727272727273,0.551736363636364,0.551736363636364
366,0,0,0,357943.75,435693.75,513443.75,591193.75,882756.25,1018818.75,0.0001,0.562207142857143,0.562207142857143,0.562207142857143,0.562207142857143,0.562207142857143,0.558792857142857,0.563914285714286,0.5639
367,0,0,0,715887.5,871387.5,1026887.5,1182387.5,1765512.5,2037637.5,0.0001,0.554791666666667,0.554791666666667,0.554791666666667,0.554791666666667,0.554791666666667,0.551433333333333,0.556475,0.556466666666667
368,0,0,0,715887.5,871387.5,1026887.5,1182387.5,1765512.5,2037637.5,0.0001,0.563,0.563,0.563,0.563,0.563,0.559578571428571,0.564707142857143,0.5647
369,0,0,0,357943.75,435693.75,513443.75,591193.75,882756.25,1018818.75,0.0001,0.556108333333333,0.556108333333333,0.556108333333333,0.556108333333333,0.556108333333333,0.552733333333333,0.5578,0.557783333333333
370,0,0,0,715887.5,871387.5,1026887.5,1182387.5,1765512.5,2037637.5,0.0001,0.5222625,0.5222625,0.5222625,0.5222625,0.5222625,0.5190875,0.52385,0.5238375
371,0,0,0,1073831.25,1307081.25,1540331.25,1773581.25,2648268.75,3056456.25,0.0001,0.560015384615385,0.560015384615385,0.560015384615385,0.560015384615385,0.560015384615385,0.556615384615385,0.561715384615385,0.561707692307692
372,0,0,0,715887.5,871387.5,1026887.5,1182387.5,1765512.5,2037637.5,0.0001,0.52305,0.52305,0.52305,0.52305,0.52305,0.519875,0.5246375,0.524625
373,0,0,0,357943.75,435693.75,513443.75,591193.75,882756.25,1018818.75,0.0001,0.54527,0.54527,0.54527,0.54527,0.54527,0.54197,0.54692,0.54692
374,0,0,0,357943.75,435693.75,513443.75,591193.75,882756.25,1018818.75,0.0001,0.5178625,0.5178625,0.5178625,0.5178625,0.5178625,0.5147,0.5194125,0.5194125
375,0,0,0,1073831.25,1307081.25,1540331.25,1773581.25,2648268.75,3056456.25,0.0001,0.562528571428571,0.562528571428571,0.562528571428571,0.562528571428571,0.562528571428571,0.559114285714286,0.564235714285714,0.564228571428571
376,0,0,0,715887.5,871387.5,1026887.5,1182387.5,1765512.5,2037637.5,0.0001,0.56315,0.56315,0.56315,0.56315,0.56315,0.559735714285714,0.564857142857143,0.564842857142857
377,0,0,0,715887.5,871387.5,1026887.5,1182387.5,1765512.5,2037637.5,0.0001,0.558238461538462,0.558238461538462,0.558238461538462,0.558238461538462,0.558238461538462,0.554853846153846,0.559930769230769,0.559930769230769
378,0,0,0,715887.5,871387.5,1026887.5,1182387.5,1765512.5,2037637.5,0.0001,0.550527272727273,0.550527272727273,0.550527272727273,0.550527272727273,0.550527272727273,0.547181818181818,0.552190909090909,0.552181818181818
379,0,0,0,715887.5,871387.5,1026887.5,1182387.5,1765512.5,2037637.5,0.0001,0.54057,0.54057,0.54057,0.54057,0.54057,0.53729,0.54221,0.5422
380,0,0,0,357943.75,435693.75,513443.75,591193.75,882756.25,1018818.75,0.0001,0.533722222222222,0.533722222222222,0.533722222222222,0.533722222222222,0.533722222222222,0.530466666666667,0.535333333333333,0.535322222222222
381,0,0,0,715887.5,871387.5,1026887.5,1182387.5,1765512.5,2037637.5,0.0001,0.548209090909091,0.548209090909091,0.548209090909091,0.548209090909091,0.548209090909091,0.544890909090909,0.549872727272727,0.549872727272727
382,0,0,0,715887.5,871387.5,1026887.5,1182387.5,1765512.5,2037637.5,0.0001,0.553375,0.553375,0.553375,0.553375,0.553375,0.550016666666667,0.555058333333333,0.55505
383,0,0,0,357943.75,435693.75,513443.75,591193.75,882756.25,1018818.75,0.0001,0.552875,0.552875,0.552875,0.552875,0.552875,0.549508333333333,0.554541666666667,0.554541666666667
384,0,0,0,357943.75,435693.75,513443.75,591193.75,882756.25,1018818.75,0.0001,0.54441,0.54441,0.54441,0.54441,0.54441,0.5411,0.54605,0.54605
385,0,0,0,715887.5,871387.5,1026887.5,1182387.5,1765512.5,2037637.5,0.0001,0.560764285714286,0.560764285714286,0.560764285714286,0.560764285714286,0.560764285714286,0.557357142857143,0.562471428571429,0.562464285714286
386,0,0,0,1073831.25,1307081.25,1540331.25,1773581.25,2648268.75,3056456.25,0.0001,0.563,0.563,0.563,0.563,0.563,0.559578571428571,0.564707142857143,0.5647
387,0,0,0,1073831.25,1307081.25,1540331.25,1773581.25,2648268.75,3056456.25,0.0001,0.532366666666667,0.532366666666667,0.532366666666667,0.532366666666667,0.532366666666667,0.529144444444444,0.533988888888889,0.533988888888889
388,0,0,0,715887.5,871387.5,1026887.5,1182387.5,1765512.5,2037637.5,0.0001,0.54346,0.54346,0.54346,0.54346,0.54346,0.54017,0.54511,0.54509
389,0,0,0,1073831.25,1307081.25,1540331.25,1773581.25,2648268.75,3056456.25,0.0001,0.548772727272727,0.548772727272727,0.548772727272727,0.548772727272727,0.548772727272727,0.545445454545455,0.550436363636364,0.550427272727273
390,0,0,0,715887.5,871387.5,1026887.5,1182387.5,1765512.5,2037637.5,0.0001,0.548627272727273,0.548627272727273,0.548627272727273,0.548627272727273,0.548627272727273,0.5453,0.550290909090909,0.550290909090909
391,0,0,0,357943.75,435693.75,513443.75,591193.75,882756.25,1018818.75,0.0001,0.556516666666667,0.556516666666667,0.556516666666667,0.556516666666667,0.556516666666667,0.553141666666667,0.5582,0.5582
392,0,0,0,357943.75,435693.75,513443.75,591193.75,882756.25,1018818.75,0.0001,0.560069230769231,0.560069230769231,0.560069230769231,0.560069230769231,0.560069230769231,0.556676923076923,0.561776923076923,0.561761538461538
393,0,0,0,1073831.25,1307081.25,1540331.25,1773581.25,2648268.75,3056456.25,0.0001,0.554158333333333,0.554158333333333,0.554158333333333,0.554158333333333,0.554158333333333,0.550808333333333,0.555841666666667,0.555833333333333
394,0,0,0,357943.75,435693.75,513443.75,591193.75,882756.25,1018818.75,0.0001,0.547672727272727,0.547672727272727,0.547672727272727,0.547672727272727,0.547672727272727,0.544345454545455,0.549336363636364,0.549327272727273
395,0,0,0,357943.75,435693.75,513443.75,591193.75,882756.25,1018818.75,0.0001,0.5221375,0.5221375,0.5221375,0.5221375,0.5221375,0.518975,0.523725,0.523725
396,0,0,0,357943.75,435693.75,513443.75,591193.75,882756.25,1018818.75,0.0001,0.5567,0.5567,0.5567,0.5567,0.5567,0.553316666666667,0.558383333333333,0.558383333333333
397,0,0,0,1073831.25,1307081.25,1540331.25,1773581.25,2648268.75,3056456.25,0.0001,0.54378,0.54378,0.54378,0.54378,0.54378,0.54047,0.54542,0.54541
398,0,0,0,1073831.25,1307081.25,1540331.25,1773581.25,2648268.75,3056456.25,0.0001,0.54148,0.54148,0.54148,0.54148,0.54148,0.53819,0.54313,0.54311
399,0,0,0,357943.75,435693.75,513443.75,591193.75,882756.25,1018818.75,0.0001,0.562957142857143,0.562957142857143,0.562957142857143,0.562957142857143,0.562957142857143,0.559535714285714,0.564671428571428,0.564657142857143
400,0,0,0,357943.75,435693.75,513443.75,591193.75,882756.25,1018818.75,0.0001,0.535833333333333,0.535833333333333,0.535833333333333,0.535833333333333,0.535833333333333,0.5326,0.537455555555556,0.537455555555556
401,0,0,0,357943.75,435693.75,513443.75,591193.75,882756.25,1018818.75,0.0001,0.549181818181818,0.549181818181818,0.549181818181818,0.549181818181818,0.549181818181818,0.545845454545455,0.550854545454545,0.550836363636364
402,0,0,0,715887.5,871387.5,1026887.5,1182387.5,1765512.5,2037637.5,0.0001,0.562035714285714,0.562035714285714,0.562035714285714,0.562035714285714,0.562035714285714,0.558621428571429,0.563742857142857,0.563735714285714
403,0,0,0,715887.5,871387.5,1026887.5,1182387.5,1765512.5,2037637.5,0.0001,0.558830769230769,0.558830769230769,0.558830769230769,0.558830769230769,0.558830769230769,0.555438461538462,0.560530769230769,0.560515384615385
404,0,0,0,715887.5,871387.5,1026887.5,1182387.5,1765512.5,2037637.5,0.0001,0.5425,0.5425,0.5425,0.5425,0.5425,0.53921,0.54415,0.54413
405,0,0,0,1073831.25,1307081.25,1540331.25,1773581.25,2648268.75,3056456.25,0.0001,0.509,0.509,0.509,0.509,0.509,0.505914285714286,0.510528571428571,0.510528571428571
406,0,0,0,1073831.25,1307081.25,1540331.25,1773581.25,2648268.75,3056456.25,0.0001,0.54317,0.54317,0.54317,0.54317,0.54317,0.53987,0.54481,0.54481
407,0,0,0,1073831.25,1307081.25,1540331.25,1773581.25,2648268.75,3056456.25,0.0001,0.559853846153846,0.559853846153846,0.559853846153846,0.559853846153846,0.559853846153846,0.556446153846154,0.561546153846154,0.561538461538462
408,0,0,0,1073831.25,1307081.25,1540331.25,1773581.25,2648268.75,3056456.25,0.0001,0.5546,0.5546,0.5546,0.5546,0.5546,0.551225,0.556275,0.556275
409,0,0,0,1073831.25,1307081.25,1540331.25,1773581.25,2648268.75,3056456.25,0.0001,0.564613333333333,0.564613333333333,0.564613333333333,0.564613333333333,0.564613333333333,0.561193333333333,0.566333333333333,0.566326666666667
410,0,0,0,1073831.25,1307081.25,1540331.25,1773581.25,2648268.75,3056456.25,0.0001,0.562428571428571,0.562428571428571,0.562428571428571,0.562428571428571,0.562428571428571,0.559014285714286,0.564142857142857,0.564121428571429
411,0,0,0,715887.5,871387.5,1026887.5,1182387.5,1765512.5,2037637.5,0.0001,0.5182375,0.5182375,0.5182375,0.5182375,0.5182375,0.5151,0.5198125,0.5198
412,0,0,0,715887.5,871387.5,1026887.5,1182387.5,1765512.5,2037637.5,0.0001,0.5571,0.5571,0.5571,0.5571,0.5571,0.553723076923077,0.5588,0.558784615384615
413,0,0,0,357943.75,435693.75,513443.75,591193.75,882756.25,1018818.75,0.0001,0.536766666666667,0.536766666666667,0.536766666666667,0.536766666666667,0.536766666666667,0.533511111111111,0.538411111111111,0.538388888888889
414,0,0,0,715887.5,871387.5,1026887.5,1182387.5,1765512.5,2037637.5,0.0001,0.54405,0.54405,0.54405,0.54405,0.54405,0.54075,0.54571,0.54569
415,0,0,0,1073831.25,1307081.25,1540331.25,1773581.25,2648268.75,3056456.25,0.0001,0.500642857142857,0.500642857142857,0.500642857142857,0.500642857142857,0.500642857142857,0.497614285714286,0.502157142857143,0.502142857142857
416,0,0,0,1073831.25,1307081.25,1540331.25,1773581.25,2648268.75,3056456.25,0.0001,0.558192307692308,0.558192307692308,0.558192307692308,0.558192307692308,0.558192307692308,0.5548,0.559884615384615,0.559876923076923
417,0,0,0,715887.5,871387.5,1026887.5,1182387.5,1765512.5,2037637.5,0.0001,0.555133333333333,0.555133333333333,0.555133333333333,0.555133333333333,0.555133333333333,0.551775,0.556825,0.556825
418,0,0,0,357943.75,435693.75,513443.75,591193.75,882756.25,1018818.75,0.0001,0.5633,0.5633,0.5633,0.5633,0.5633,0.559886666666667,0.56502,0.565006666666667
419,0,0,0,1073831.25,1307081.25,1540331.25,1773581.25,2648268.75,3056456.25,0.0001,0.532366666666667,0.532366666666667,0.532366666666667,0.532366666666667,0.532366666666667,0.529133333333333,0.533988888888889,0.533955555555556
420,0,0,0,715887.5,871387.5,1026887.5,1182387.5,1765512.5,2037637.5,0.0001,0.533988888888889,0.533988888888889,0.533988888888889,0.533988888888889,0.533988888888889,0.530744444444444,0.5356,0.5356
421,0,0,0,1073831.25,1307081.25,1540331.25,1773581.25,2648268.75,3056456.25,0.0001,0.559492307692308,0.559492307692308,0.559492307692308,0.559492307692308,0.559492307692308,0.556084615384615,0.561184615384615,0.561176923076923
422,0,0,0,1073831.25,1307081.25,1540331.25,1773581.25,2648268.75,3056456.25,0.0001,0.548518181818182,0.548518181818182,0.548518181818182,0.548518181818182,0.548518181818182,0.545190909090909,0.550181818181818,0.550181818181818
423,0,0,0,1073831.25,1307081.25,1540331.25,1773581.25,2648268.75,3056456.25,0.0001,0.562857142857143,0.562857142857143,0.562857142857143,0.562857142857143,0.562857142857143,0.55945,0.564571428571429,0.564571428571429
424,0,0,0,357943.75,435693.75,513443.75,591193.75,882756.25,1018818.75,0.0001,0.5028,0.5028,0.5028,0.5028,0.5028,0.499757142857143,0.504328571428571,0.504328571428571
425,0,0,0,715887.5,871387.5,1026887.5,1182387.5,1765512.5,2037637.5,0.0001,0.558738461538462,0.558738461538462,0.558738461538462,0.558738461538462,0.558738461538462,0.555338461538462,0.560438461538462,0.560415384615385
426,0,0,0,357943.75,435693.75,513443.75,591193.75,882756.25,1018818.75,0.0001,0.507128571428571,0.507128571428571,0.507128571428571,0.507128571428571,0.507128571428571,0.504071428571429,0.508685714285714,0.508671428571429
427,0,0,0,357943.75,435693.75,513443.75,591193.75,882756.25,1018818.75,0.0001,0.547490909090909,0.547490909090909,0.547490909090909,0.547490909090909,0.547490909090909,0.544154545454545,0.549136363636364,0.549136363636364
428,0,0,0,715887.5,871387.5,1026887.5,1182387.5,1765512.5,2037637.5,0.0001,0.499942857142857,0.499942857142857,0.499942857142857,0.499942857142857,0.499942857142857,0.496914285714286,0.501442857142857,0.501442857142857
429,0,0,0,357943.75,435693.75,513443.75,591193.75,882756.25,1018818.75,0.0001,0.558207692307692,0.558207692307692,0.558207692307692,0.558207692307692,0.558207692307692,0.554823076923077,0.559907692307692,0.559892307692308
430,0,0,0,1073831.25,1307081.25,1540331.25,1773581.25,2648268.75,3056456.25,0.0001,0.519975,0.519975,0.519975,0.519975,0.519975,0.516825,0.52155,0.5215375
431,0,0,0,357943.75,435693.75,513443.75,591193.75,882756.25,1018818.75,0.0001,0.54166,0.54166,0.54166,0.54166,0.54166,0.53837,0.54331,0.54329
432,0,0,0,1073831.25,1307081.25,1540331.25,1773581.25,2648268.75,3056456.25,0.0001,0.54393,0.54393,0.54393,0.54393,0.54393,0.54062,0.54557,0.54556
433,0,0,0,1073831.25,1307081.25,1540331.25,1773581.25,2648268.75,3056456.25,0.0001,0.557361538461538,0.557361538461538,0.557361538461538,0.557361538461538,0.557361538461538,0.553984615384615,0.559061538461538,0.559053846153846
434,0,0,0,715887.5,871387.5,1026887.5,1182387.5,1765512.5,2037637.5,0.0001,0.562035714285714,0.562035714285714,0.562035714285714,0.562035714285714,0.562035714285714,0.558614285714286,0.563735714285714,0.563728571428571
435,0,0,0,715887.5,871387.5,1026887.5,1182387.5,1765512.5,2037637.5,0.0001,0.551118181818182,0.551118181818182,0.551118181818182,0.551118181818182,0.551118181818182,0.547763636363636,0.552790909090909,0.552781818181818
436,0,0,0,1073831.25,1307081.25,1540331.25,1773581.25,2648268.75,3056456.25,0.0001,0.523525,0.523525,0.523525,0.523525,0.523525,0.5203625,0.5251125,0.5251125
437,0,0,0,357943.75,435693.75,513443.75,591193.75,882756.25,1018818.75,0.0001,0.516925,0.516925,0.516925,0.516925,0.516925,0.5137875,0.5185,0.5184875
438,0,0,0,1073831.25,1307081.25,1540331.25,1773581.25,2648268.75,3056456.25,0.0001,0.536122222222222,0.536122222222222,0.536122222222222,0.536122222222222,0.536122222222222,0.532866666666667,0.537755555555556,0.537733333333333
439,0,0,0,1073831.25,1307081.25,1540331.25,1773581.25,2648268.75,3056456.25,0.0001,0.563886666666667,0.563886666666667,0.563886666666667,0.563886666666667,0.563886666666667,0.560466666666667,0.565606666666667,0.5656
440,0,0,0,357943.75,435693.75,513443.75,591193.75,882756.25,1018818.75,0.0001,0.500857142857143,0.500857142857143,0.500857142857143,0.500857142857143,0.500857142857143,0.497828571428571,0.502371428571429,0.502357142857143
441,0,0,0,357943.75,435693.75,513443.75,591193.75,882756.25,1018818.75,0.0001,0.530011111111111,0.530011111111111,0.530011111111111,0.530011111111111,0.530011111111111,0.526788888888889,0.531622222222222,0.531611111111111
442,0,0,0,357943.75,435693.75,513443.75,591193.75,882756.25,1018818.75,0.0001,0.535088888888889,0.535088888888889,0.535088888888889,0.535088888888889,0.535088888888889,0.531833333333333,0.5367,0.5367
443,0,0,0,357943.75,435693.75,513443.75,591193.75,882756.25,1018818.75,0.0001,0.5174125,0.5174125,0.5174125,0.5174125,0.5174125,0.514275,0.5189875,0.5189625
444,0,0,0,1073831.25,1307081.25,1540331.25,1773581.25,2648268.75,3056456.25,0.0001,0.505028571428571,0.505028571428571,0.505028571428571,0.505028571428571,0.505028571428571,0.501971428571429,0.506557142857143,0.506542857142857
445,0,0,0,357943.75,435693.75,513443.75,591193.75,882756.25,1018818.75,0.0001,0.560161538461538,0.560161538461538,0.560161538461538,0.560161538461538,0.560161538461538,0.556753846153846,0.561853846153846,0.561853846153846
446,0,0,0,1073831.25,1307081.25,1540331.25,1773581.25,2648268.75,3056456.25,0.0001,0.565426666666667,0.565426666666667,0.565426666666667,0.565426666666667,0.565426666666667,0.561993333333333,0.567153333333333,0.567133333333333
447,0,0,0,715887.5,871387.5,1026887.5,1182387.5,1765512.5,2037637.5,0.0001,0.497857142857143,0.497857142857143,0.497857142857143,0.497857142857143,0.497857142857143,0.494857142857143,0.499385714285714,0.499357142857143
448,0,0,0,357943.75,435693.75,513443.75,591193.75,882756.25,1018818.75,0.0001,0.54448,0.54448,0.54448,0.54448,0.54448,0.54117,0.54614,0.54611
449,0,0,0,1073831.25,1307081.25,1540331.25,1773581.25,2648268.75,3056456.25,0.0001,0.54341,0.54341,0.54341,0.54341,0.54341,0.54011,0.54506,0.54505
450,0,0,0,1073831.25,1307081.25,1540331.25,1773581.25,2648268.75,3056456.25,0.0001,0.560407692307692,0.560407692307692,0.560407692307692,0.560407692307692,0.560407692307692,0.556992307692308,0.5621,0.562092307692308
451,0,0,0,1073831.25,1307081.25,1540331.25,1773581.25,2648268.75,3056456.25,0.0001,0.56085,0.56085,0.56085,0.56085,0.56085,0.557435714285714,0.56255,0.562535714285714
452,0,0,0,715887.5,871387.5,1026887.5,1182387.5,1765512.5,2037637.5,0.0001,0.562285714285714,0.562285714285714,0.562285714285714,0.562285714285714,0.562285714285714,0.558871428571429,0.563992857142857,0.563992857142857
453,0,0,0,357943.75,435693.75,513443.75,591193.75,882756.25,1018818.75,0.0001,0.564846666666667,0.564846666666667,0.564846666666667,0.564846666666667,0.564846666666667,0.56142,0.566566666666667,0.566553333333333
454,0,0,0,357943.75,435693.75,513443.75,591193.75,882756.25,1018818.75,0.0001,0.521775,0.521775,0.521775,0.521775,0.521775,0.518625,0.5233625,0.52335
455,0,0,0,715887.5,871387.5,1026887.5,1182387.5,1765512.5,2037637.5,0.0001,0.561085714285714,0.561085714285714,0.561085714285714,0.561085714285714,0.561085714285714,0.557678571428571,0.562785714285714,0.562785714285714
456,0,0,0,1073831.25,1307081.25,1540331.25,1773581.25,2648268.75,3056456.25,0.0001,0.551390909090909,0.551390909090909,0.551390909090909,0.551390909090909,0.551390909090909,0.548054545454545,0.553072727272727,0.553054545454545
457,0,0,0,1073831.25,1307081.25,1540331.25,1773581.25,2648268.75,3056456.25,0.0001,0.5445,0.5445,0.5445,0.5445,0.5445,0.5412,0.54617,0.54614
458,0,0,0,1073831.25,1307081.25,1540331.25,1773581.25,2648268.75,3056456.25,0.0001,0.554575,0.554575,0.554575,0.554575,0.554575,0.5512,0.55625,0.55625
459,0,0,0,357943.75,435693.75,513443.75,591193.75,882756.25,1018818.75,0.0001,0.550527272727273,0.550527272727273,0.550527272727273,0.550527272727273,0.550527272727273,0.547190909090909,0.5522,0.552190909090909
460,0,0,0,1073831.25,1307081.25,1540331.25,1773581.25,2648268.75,3056456.25,0.0001,0.563393333333333,0.563393333333333,0.563393333333333,0.563393333333333,0.563393333333333,0.559973333333333,0.565106666666667,0.5651
461,0,0,0,715887.5,871387.5,1026887.5,1182387.5,1765512.5,2037637.5,0.0001,0.563566666666667,0.563566666666667,0.563566666666667,0.563566666666667,0.563566666666667,0.560146666666667,0.56528,0.565273333333333
462,0,0,0,715887.5,871387.5,1026887.5,1182387.5,1765512.5,2037637.5,0.0001,0.5653,0.5653,0.5653,0.5653,0.5653,0.56186,0.567013333333333,0.567006666666667
463,0,0,0,715887.5,871387.5,1026887.5,1182387.5,1765512.5,2037637.5,0.0001,0.557815384615385,0.557815384615385,0.557815384615385,0.557815384615385,0.557815384615385,0.554423076923077,0.5595,0.559492307692308
464,0,0,0,715887.5,871387.5,1026887.5,1182387.5,1765512.5,2037637.5,0.0001,0.551754545454545,0.551754545454545,0.551754545454545,0.551754545454545,0.551754545454545,0.548418181818182,0.553436363636364,0.553427272727273
465,0,0,0,1073831.25,1307081.25,1540331.25,1773581.25,2648268.75,3056456.25,0.0001,0.556808333333333,0.556808333333333,0.556808333333333,0.556808333333333,0.556808333333333,0.553433333333333,0.558508333333333,0.558483333333333
466,0,0,0,1073831.25,1307081.25,1540331.25,1773581.25,2648268.75,3056456.25,0.0001,0.555166666666667,0.555166666666667,0.555166666666667,0.555166666666667,0.555166666666667,0.5518,0.55685,0.55685
467,0,0,0,357943.75,435693.75,513443.75,591193.75,882756.25,1018818.75,0.0001,0.560621428571429,0.560621428571429,0.560621428571429,0.560621428571429,0.560621428571429,0.557228571428571,0.562335714285714,0.562321428571429
468,0,0,0,715887.5,871387.5,1026887.5,1182387.5,1765512.5,2037637.5,0.0001,0.564066666666667,0.564066666666667,0.564066666666667,0.564066666666667,0.564066666666667,0.560653333333333,0.565786666666667,0.565773333333333
469,0,0,0,357943.75,435693.75,513443.75,591193.75,882756.25,1018818.75,0.0001,0.500685714285714,0.500685714285714,0.500685714285714,0.500685714285714,0.500685714285714,0.497657142857143,0.5022,0.502185714285714
470,0,0,0,357943.75,435693.75,513443.75,591193.75,882756.25,1018818.75,0.0001,0.554941666666667,0.554941666666667,0.554941666666667,0.554941666666667,0.554941666666667,0.551575,0.556633333333333,0.556616666666667
471,0,0,0,715887.5,871387.5,1026887.5,1182387.5,1765512.5,2037637.5,0.0001,0.501914285714286,0.501914285714286,0.501914285714286,0.501914285714286,0.501914285714286,0.498871428571429,0.503428571428571,0.503414285714286
472,0,0,0,1073831.25,1307081.25,1540331.25,1773581.25,2648268.75,3056456.25,0.0001,0.560942857142857,0.560942857142857,0.560942857142857,0.560942857142857,0.560942857142857,0.557542857142857,0.562642857142857,0.562635714285714
473,0,0,0,715887.5,871387.5,1026887.5,1182387.5,1765512.5,2037637.5,0.0001,0.564473333333333,0.564473333333333,0.564473333333333,0.564473333333333,0.564473333333333,0.561053333333333,0.566193333333333,0.56618
474,0,0,0,715887.5,871387.5,1026887.5,1182387.5,1765512.5,2037637.5,0.0001,0.506985714285714,0.506985714285714,0.506985714285714,0.506985714285714,0.506985714285714,0.503914285714286,0.508514285714286,0.508514285714286
475,0,0,0,715887.5,871387.5,1026887.5,1182387.5,1765512.5,2037637.5,0.0001,0.549990909090909,0.549990909090909,0.549990909090909,0.549990909090909,0.549990909090909,0.546663636363636,0.551663636363636,0.551654545454545
476,0,0,0,1073831.25,1307081.25,1540331.25,1773581.25,2648268.75,3056456.25,0.0001,0.54369,0.54369,0.54369,0.54369,0.54369,0.54039,0.54533,0.54533
477,0,0,0,715887.5,871387.5,1026887.5,1182387.5,1765512.5,2037637.5,0.0001,0.506828571428571,0.506828571428571,0.506828571428571,0.506828571428571,0.506828571428571,0.503742857142857,0.508357142857143,0.508342857142857
478,0,0,0,357943.75,435693.75,513443.75,591193.75,882756.25,1018818.75,0.0001,0.560807142857143,0.560807142857143,0.560807142857143,0.560807142857143,0.560807142857143,0.557407142857143,0.562514285714286,0.5625
479,0,0,0,1073831.25,1307081.25,1540331.25,1773581.25,2648268.75,3056456.25,0.0001,0.5513,0.5513,0.5513,0.5513,0.5513,0.547954545454545,0.552972727272727,0.552963636363636
480,0,0,0,357943.75,435693.75,513443.75,591193.75,882756.25,1018818.75,0.0001,0.506914285714286,0.506914285714286,0.506914285714286,0.506914285714286,0.506914285714286,0.503828571428571,0.508442857142857,0.508428571428571
481,0,0,0,1073831.25,1307081.25,1540331.25,1773581.25,2648268.75,3056456.25,0.0001,0.5004,0.5004,0.5004,0.5004,0.5004,0.497371428571429,0.501928571428571,0.5019
482,0,0,0,715887.5,871387.5,1026887.5,1182387.5,1765512.5,2037637.5,0.0001,0.553083333333333,0.553083333333333,0.553083333333333,0.553083333333333,0.553083333333333,0.549725,0.554766666666667,0.55475
483,0,0,0,357943.75,435693.75,513443.75,591193.75,882756.25,1018818.75,0.0001,0.498557142857143,0.498557142857143,0.498557142857143,0.498557142857143,0.498557142857143,0.495528571428571,0.500085714285714,0.500057142857143
484,0,0,0,1073831.25,1307081.25,1540331.25,1773581.25,2648268.75,3056456.25,0.0001,0.5253625,0.5253625,0.5253625,0.5253625,0.5253625,0.522175,0.5269625,0.5269375
485,0,0,0,1073831.25,1307081.25,1540331.25,1773581.25,2648268.75,3056456.25,0.0001,0.559253846153846,0.559253846153846,0.559253846153846,0.559253846153846,0.559253846153846,0.555861538461538,0.560961538461538,0.560946153846154
486,0,0,0,357943.75,435693.75,513443.75,591193.75,882756.25,1018818.75,0.0001,0.534133333333333,0.534133333333333,0.534133333333333,0.534133333333333,0.534133333333333,0.5309,0.535766666666667,0.535744444444444
487,0,0,0,1073831.25,1307081.25,1540331.25,1773581.25,2648268.75,3056456.25,0.0001,0.56045,0.56045,0.56045,0.56045,0.56045,0.55705,0.562157142857143,0.56215
488,0,0,0,715887.5,871387.5,1026887.5,1182387.5,1765512.5,2037637.5,0.0001,0.562714285714286,0.562714285714286,0.562714285714286,0.562714285714286,0.562714285714286,0.5593,0.564428571428571,0.564414285714286
489,0,0,0,715887.5,871387.5,1026887.5,1182387.5,1765512.5,2037637.5,0.0001,0.560415384615385,0.560415384615385,0.560415384615385,0.560415384615385,0.560415384615385,0.557015384615385,0.562115384615385,0.562115384615385
490,0,0,0,357943.75,435693.75,513443.75,591193.75,882756.25,1018818.75,0.0001,0.564966666666667,0.564966666666667,0.564966666666667,0.564966666666667,0.564966666666667,0.561533333333333,0.566693333333333,0.566673333333333
491,0,0,0,357943.75,435693.75,513443.75,591193.75,882756.25,1018818.75,0.0001,0.5213125,0.5213125,0.5213125,0.5213125,0.5213125,0.51815,0.5228875,0.522875
492,0,0,0,357943.75,435693.75,513443.75,591193.75,882756.25,1018818.75,0.0001,0.534533333333333,0.534533333333333,0.534533333333333,0.534533333333333,0.534533333333333,0.531288888888889,0.536155555555555,0.536144444444444
493,0,0,0,715887.5,871387.5,1026887.5,1182387.5,1765512.5,2037637.5,0.0001,0.533833333333333,0.533833333333333,0.533833333333333,0.533833333333333,0.533833333333333,0.5306,0.535455555555556,0.535444444444444
494,0,0,0,357943.75,435693.75,513443.75,591193.75,882756.25,1018818.75,0.0001,0.531266666666667,0.531266666666667,0.531266666666667,0.531266666666667,0.531266666666667,0.528055555555556,0.532888888888889,0.532855555555556
495,0,0,0,715887.5,871387.5,1026887.5,1182387.5,1765512.5,2037637.5,0.0001,0.533855555555556,0.533855555555556,0.533855555555556,0.533855555555556,0.533855555555556,0.530633333333333,0.535488888888889,0.535466666666667
496,0,0,0,715887.5,871387.5,1026887.5,1182387.5,1765512.5,2037637.5,0.0001,0.5542,0.5542,0.5542,0.5542,0.5542,0.550833333333333,0.555883333333333,0.555866666666667
497,0,0,0,357943.75,435693.75,513443.75,591193.75,882756.25,1018818.75,0.0001,0.5341,0.5341,0.5341,0.5341,0.5341,0.530855555555556,0.535722222222222,0.5357
498,0,0,0,1073831.25,1307081.25,1540331.25,1773581.25,2648268.75,3056456.25,0.0001,0.548254545454545,0.548254545454545,0.548254545454545,0.548254545454545,0.548254545454545,0.544927272727273,0.549927272727273,0.5499
499,0,0,0,1073831.25,1307081.25,1540331.25,1773581.25,2648268.75,3056456.25,0.0001,0.549736363636364,0.549736363636364,0.549736363636364,0.549736363636364,0.549736363636364,0.5464,0.551409090909091,0.5514
500,0,0,0,1073831.25,1307081.25,1540331.25,1773581.25,2648268.75,3056456.25,0.0001,0.505771428571429,0.505771428571429,0.505771428571429,0.505771428571429,0.505771428571429,0.5027,0.507314285714286,0.507285714285714
